2021/07/11-12:36:41.523178 7f9619d4f700 RocksDB version: 6.15.2
2021/07/11-12:36:41.523244 7f9619d4f700 Git sha rocksdb_build_git_sha:
2021/07/11-12:36:41.523248 7f9619d4f700 Compile date Jan  4 2021
2021/07/11-12:36:41.523360 7f9619d4f700 DB SUMMARY
2021/07/11-12:36:41.523364 7f9619d4f700 DB Session ID:  NUTN12GEBZ3UTNAO8JQF
2021/07/11-12:36:41.523489 7f9619d4f700 CURRENT file:  CURRENT
2021/07/11-12:36:41.523493 7f9619d4f700 IDENTITY file:  IDENTITY
2021/07/11-12:36:41.523498 7f9619d4f700 MANIFEST file:  MANIFEST-000061 size: 1086 Bytes
2021/07/11-12:36:41.523501 7f9619d4f700 SST files in /home/javier/besu-21.1.7/IBFT-Network/Node-3/data/database dir, Total Num: 4, files: 000037.sst 000038.sst 000059.sst 000060.sst 
2021/07/11-12:36:41.523503 7f9619d4f700 Write Ahead Log file in /home/javier/besu-21.1.7/IBFT-Network/Node-3/data/database: 000004.log size: 1166387 ; 000040.log size: 4925237 ; 000062.log size: 3497223 ; 
2021/07/11-12:36:41.523507 7f9619d4f700                         Options.error_if_exists: 0
2021/07/11-12:36:41.523509 7f9619d4f700                       Options.create_if_missing: 1
2021/07/11-12:36:41.523510 7f9619d4f700                         Options.paranoid_checks: 1
2021/07/11-12:36:41.523511 7f9619d4f700                               Options.track_and_verify_wals_in_manifest: 0
2021/07/11-12:36:41.523512 7f9619d4f700                                     Options.env: 0x7f95b15593c0
2021/07/11-12:36:41.523514 7f9619d4f700                                      Options.fs: Posix File System
2021/07/11-12:36:41.523515 7f9619d4f700                                Options.info_log: 0x7f96116d1840
2021/07/11-12:36:41.523516 7f9619d4f700                Options.max_file_opening_threads: 16
2021/07/11-12:36:41.523517 7f9619d4f700                              Options.statistics: 0x7f961165c5d0
2021/07/11-12:36:41.523519 7f9619d4f700                               Options.use_fsync: 0
2021/07/11-12:36:41.523520 7f9619d4f700                       Options.max_log_file_size: 0
2021/07/11-12:36:41.523521 7f9619d4f700                  Options.max_manifest_file_size: 1073741824
2021/07/11-12:36:41.523523 7f9619d4f700                   Options.log_file_time_to_roll: 0
2021/07/11-12:36:41.523525 7f9619d4f700                       Options.keep_log_file_num: 1000
2021/07/11-12:36:41.523526 7f9619d4f700                    Options.recycle_log_file_num: 0
2021/07/11-12:36:41.523528 7f9619d4f700                         Options.allow_fallocate: 1
2021/07/11-12:36:41.523530 7f9619d4f700                        Options.allow_mmap_reads: 0
2021/07/11-12:36:41.523532 7f9619d4f700                       Options.allow_mmap_writes: 0
2021/07/11-12:36:41.523534 7f9619d4f700                        Options.use_direct_reads: 0
2021/07/11-12:36:41.523536 7f9619d4f700                        Options.use_direct_io_for_flush_and_compaction: 0
2021/07/11-12:36:41.523537 7f9619d4f700          Options.create_missing_column_families: 1
2021/07/11-12:36:41.523539 7f9619d4f700                              Options.db_log_dir: 
2021/07/11-12:36:41.523542 7f9619d4f700                                 Options.wal_dir: /home/javier/besu-21.1.7/IBFT-Network/Node-3/data/database
2021/07/11-12:36:41.523544 7f9619d4f700                Options.table_cache_numshardbits: 6
2021/07/11-12:36:41.523545 7f9619d4f700                         Options.WAL_ttl_seconds: 0
2021/07/11-12:36:41.523547 7f9619d4f700                       Options.WAL_size_limit_MB: 0
2021/07/11-12:36:41.523548 7f9619d4f700                        Options.max_write_batch_group_size_bytes: 1048576
2021/07/11-12:36:41.523604 7f9619d4f700             Options.manifest_preallocation_size: 4194304
2021/07/11-12:36:41.523607 7f9619d4f700                     Options.is_fd_close_on_exec: 1
2021/07/11-12:36:41.523609 7f9619d4f700                   Options.advise_random_on_open: 1
2021/07/11-12:36:41.523611 7f9619d4f700                    Options.db_write_buffer_size: 0
2021/07/11-12:36:41.523613 7f9619d4f700                    Options.write_buffer_manager: 0x7f96116d13d0
2021/07/11-12:36:41.523615 7f9619d4f700         Options.access_hint_on_compaction_start: 1
2021/07/11-12:36:41.523617 7f9619d4f700  Options.new_table_reader_for_compaction_inputs: 0
2021/07/11-12:36:41.523640 7f9619d4f700           Options.random_access_max_buffer_size: 1048576
2021/07/11-12:36:41.523641 7f9619d4f700                      Options.use_adaptive_mutex: 0
2021/07/11-12:36:41.523643 7f9619d4f700                            Options.rate_limiter: (nil)
2021/07/11-12:36:41.523647 7f9619d4f700     Options.sst_file_manager.rate_bytes_per_sec: 0
2021/07/11-12:36:41.523650 7f9619d4f700                       Options.wal_recovery_mode: 2
2021/07/11-12:36:41.523652 7f9619d4f700                  Options.enable_thread_tracking: 0
2021/07/11-12:36:41.523653 7f9619d4f700                  Options.enable_pipelined_write: 0
2021/07/11-12:36:41.523655 7f9619d4f700                  Options.unordered_write: 0
2021/07/11-12:36:41.523657 7f9619d4f700         Options.allow_concurrent_memtable_write: 1
2021/07/11-12:36:41.523659 7f9619d4f700      Options.enable_write_thread_adaptive_yield: 1
2021/07/11-12:36:41.523661 7f9619d4f700             Options.write_thread_max_yield_usec: 100
2021/07/11-12:36:41.523663 7f9619d4f700            Options.write_thread_slow_yield_usec: 3
2021/07/11-12:36:41.523665 7f9619d4f700                               Options.row_cache: None
2021/07/11-12:36:41.523667 7f9619d4f700                              Options.wal_filter: None
2021/07/11-12:36:41.523669 7f9619d4f700             Options.avoid_flush_during_recovery: 0
2021/07/11-12:36:41.523671 7f9619d4f700             Options.allow_ingest_behind: 0
2021/07/11-12:36:41.523711 7f9619d4f700             Options.preserve_deletes: 0
2021/07/11-12:36:41.523714 7f9619d4f700             Options.two_write_queues: 0
2021/07/11-12:36:41.523716 7f9619d4f700             Options.manual_wal_flush: 0
2021/07/11-12:36:41.523718 7f9619d4f700             Options.atomic_flush: 0
2021/07/11-12:36:41.523720 7f9619d4f700             Options.avoid_unnecessary_blocking_io: 0
2021/07/11-12:36:41.523722 7f9619d4f700                 Options.persist_stats_to_disk: 0
2021/07/11-12:36:41.523724 7f9619d4f700                 Options.write_dbid_to_manifest: 0
2021/07/11-12:36:41.523726 7f9619d4f700                 Options.log_readahead_size: 0
2021/07/11-12:36:41.523728 7f9619d4f700                 Options.file_checksum_gen_factory: Unknown
2021/07/11-12:36:41.523730 7f9619d4f700                 Options.best_efforts_recovery: 0
2021/07/11-12:36:41.523731 7f9619d4f700                Options.max_bgerror_resume_count: 2147483647
2021/07/11-12:36:41.523733 7f9619d4f700            Options.bgerror_resume_retry_interval: 1000000
2021/07/11-12:36:41.523735 7f9619d4f700             Options.allow_data_in_errors: 0
2021/07/11-12:36:41.523737 7f9619d4f700             Options.db_host_id: __hostname__
2021/07/11-12:36:41.523742 7f9619d4f700             Options.max_background_jobs: 2
2021/07/11-12:36:41.523744 7f9619d4f700             Options.max_background_compactions: 4
2021/07/11-12:36:41.523746 7f9619d4f700             Options.max_subcompactions: 1
2021/07/11-12:36:41.523747 7f9619d4f700             Options.avoid_flush_during_shutdown: 0
2021/07/11-12:36:41.523748 7f9619d4f700           Options.writable_file_max_buffer_size: 1048576
2021/07/11-12:36:41.523749 7f9619d4f700             Options.delayed_write_rate : 16777216
2021/07/11-12:36:41.523750 7f9619d4f700             Options.max_total_wal_size: 0
2021/07/11-12:36:41.523751 7f9619d4f700             Options.delete_obsolete_files_period_micros: 21600000000
2021/07/11-12:36:41.523752 7f9619d4f700                   Options.stats_dump_period_sec: 600
2021/07/11-12:36:41.523754 7f9619d4f700                 Options.stats_persist_period_sec: 600
2021/07/11-12:36:41.523755 7f9619d4f700                 Options.stats_history_buffer_size: 1048576
2021/07/11-12:36:41.523756 7f9619d4f700                          Options.max_open_files: 1024
2021/07/11-12:36:41.523757 7f9619d4f700                          Options.bytes_per_sync: 0
2021/07/11-12:36:41.523758 7f9619d4f700                      Options.wal_bytes_per_sync: 0
2021/07/11-12:36:41.523759 7f9619d4f700                   Options.strict_bytes_per_sync: 0
2021/07/11-12:36:41.523772 7f9619d4f700       Options.compaction_readahead_size: 0
2021/07/11-12:36:41.523773 7f9619d4f700                  Options.max_background_flushes: -1
2021/07/11-12:36:41.523774 7f9619d4f700 Compression algorithms supported:
2021/07/11-12:36:41.523776 7f9619d4f700 	kZSTDNotFinalCompression supported: 1
2021/07/11-12:36:41.523785 7f9619d4f700 	kZSTD supported: 1
2021/07/11-12:36:41.523787 7f9619d4f700 	kXpressCompression supported: 0
2021/07/11-12:36:41.523788 7f9619d4f700 	kLZ4HCCompression supported: 1
2021/07/11-12:36:41.523789 7f9619d4f700 	kLZ4Compression supported: 1
2021/07/11-12:36:41.523791 7f9619d4f700 	kBZip2Compression supported: 1
2021/07/11-12:36:41.523792 7f9619d4f700 	kZlibCompression supported: 1
2021/07/11-12:36:41.523793 7f9619d4f700 	kSnappyCompression supported: 1
2021/07/11-12:36:41.523798 7f9619d4f700 Fast CRC32 supported: Not supported on x86
2021/07/11-12:36:41.523911 7f9619d4f700 [/version_set.cc:4725] Recovering from manifest file: /home/javier/besu-21.1.7/IBFT-Network/Node-3/data/database/MANIFEST-000061
2021/07/11-12:36:41.524241 7f9619d4f700 [/column_family.cc:597] --------------- Options for column family [default]:
2021/07/11-12:36:41.524248 7f9619d4f700               Options.comparator: leveldb.BytewiseComparator
2021/07/11-12:36:41.524250 7f9619d4f700           Options.merge_operator: None
2021/07/11-12:36:41.524252 7f9619d4f700        Options.compaction_filter: None
2021/07/11-12:36:41.524254 7f9619d4f700        Options.compaction_filter_factory: None
2021/07/11-12:36:41.524256 7f9619d4f700  Options.sst_partitioner_factory: None
2021/07/11-12:36:41.524258 7f9619d4f700         Options.memtable_factory: SkipListFactory
2021/07/11-12:36:41.524260 7f9619d4f700            Options.table_factory: BlockBasedTable
2021/07/11-12:36:41.524349 7f9619d4f700            table_factory options:   flush_block_policy_factory: FlushBlockBySizePolicyFactory (0x7f9611668e90)
  cache_index_and_filter_blocks: 0
  cache_index_and_filter_blocks_with_high_priority: 1
  pin_l0_filter_and_index_blocks_in_cache: 0
  pin_top_level_index_and_filter: 1
  index_type: 0
  data_block_index_type: 0
  index_shortening: 1
  data_block_hash_table_util_ratio: 0,750000
  hash_index_allow_collision: 1
  checksum: 1
  no_block_cache: 0
  block_cache: 0x7f9611666b60
  block_cache_name: LRUCache
  block_cache_options:
    capacity : 8388608
    num_shard_bits : 4
    strict_capacity_limit : 0
    memory_allocator : None
    high_pri_pool_ratio: 0,000
  block_cache_compressed: (nil)
  persistent_cache: (nil)
  block_size: 4096
  block_size_deviation: 10
  block_restart_interval: 16
  index_block_restart_interval: 1
  metadata_block_size: 4096
  partition_filters: 0
  use_delta_encoding: 1
  filter_policy: nullptr
  whole_key_filtering: 1
  verify_compression: 0
  read_amp_bytes_per_bit: 0
  format_version: 4
  enable_index_compression: 1
  block_align: 0
2021/07/11-12:36:41.524354 7f9619d4f700        Options.write_buffer_size: 67108864
2021/07/11-12:36:41.524356 7f9619d4f700  Options.max_write_buffer_number: 2
2021/07/11-12:36:41.524359 7f9619d4f700          Options.compression: Snappy
2021/07/11-12:36:41.524361 7f9619d4f700                  Options.bottommost_compression: Disabled
2021/07/11-12:36:41.524363 7f9619d4f700       Options.prefix_extractor: nullptr
2021/07/11-12:36:41.524365 7f9619d4f700   Options.memtable_insert_with_hint_prefix_extractor: nullptr
2021/07/11-12:36:41.524366 7f9619d4f700             Options.num_levels: 7
2021/07/11-12:36:41.524368 7f9619d4f700        Options.min_write_buffer_number_to_merge: 1
2021/07/11-12:36:41.524370 7f9619d4f700     Options.max_write_buffer_number_to_maintain: 0
2021/07/11-12:36:41.524372 7f9619d4f700     Options.max_write_buffer_size_to_maintain: 134217728
2021/07/11-12:36:41.524374 7f9619d4f700            Options.bottommost_compression_opts.window_bits: -14
2021/07/11-12:36:41.524376 7f9619d4f700                  Options.bottommost_compression_opts.level: 32767
2021/07/11-12:36:41.524378 7f9619d4f700               Options.bottommost_compression_opts.strategy: 0
2021/07/11-12:36:41.524393 7f9619d4f700         Options.bottommost_compression_opts.max_dict_bytes: 0
2021/07/11-12:36:41.524394 7f9619d4f700         Options.bottommost_compression_opts.zstd_max_train_bytes: 0
2021/07/11-12:36:41.524396 7f9619d4f700         Options.bottommost_compression_opts.parallel_threads: 1
2021/07/11-12:36:41.524397 7f9619d4f700                  Options.bottommost_compression_opts.enabled: false
2021/07/11-12:36:41.524398 7f9619d4f700            Options.compression_opts.window_bits: -14
2021/07/11-12:36:41.524399 7f9619d4f700                  Options.compression_opts.level: 32767
2021/07/11-12:36:41.524400 7f9619d4f700               Options.compression_opts.strategy: 0
2021/07/11-12:36:41.524401 7f9619d4f700         Options.compression_opts.max_dict_bytes: 0
2021/07/11-12:36:41.524402 7f9619d4f700         Options.compression_opts.zstd_max_train_bytes: 0
2021/07/11-12:36:41.524403 7f9619d4f700         Options.compression_opts.parallel_threads: 1
2021/07/11-12:36:41.524404 7f9619d4f700                  Options.compression_opts.enabled: false
2021/07/11-12:36:41.524405 7f9619d4f700      Options.level0_file_num_compaction_trigger: 4
2021/07/11-12:36:41.524407 7f9619d4f700          Options.level0_slowdown_writes_trigger: 20
2021/07/11-12:36:41.524408 7f9619d4f700              Options.level0_stop_writes_trigger: 36
2021/07/11-12:36:41.524409 7f9619d4f700                   Options.target_file_size_base: 67108864
2021/07/11-12:36:41.524410 7f9619d4f700             Options.target_file_size_multiplier: 1
2021/07/11-12:36:41.524411 7f9619d4f700                Options.max_bytes_for_level_base: 268435456
2021/07/11-12:36:41.524412 7f9619d4f700 Options.level_compaction_dynamic_level_bytes: 0
2021/07/11-12:36:41.524413 7f9619d4f700          Options.max_bytes_for_level_multiplier: 10,000000
2021/07/11-12:36:41.524416 7f9619d4f700 Options.max_bytes_for_level_multiplier_addtl[0]: 1
2021/07/11-12:36:41.524418 7f9619d4f700 Options.max_bytes_for_level_multiplier_addtl[1]: 1
2021/07/11-12:36:41.524419 7f9619d4f700 Options.max_bytes_for_level_multiplier_addtl[2]: 1
2021/07/11-12:36:41.524420 7f9619d4f700 Options.max_bytes_for_level_multiplier_addtl[3]: 1
2021/07/11-12:36:41.524421 7f9619d4f700 Options.max_bytes_for_level_multiplier_addtl[4]: 1
2021/07/11-12:36:41.524422 7f9619d4f700 Options.max_bytes_for_level_multiplier_addtl[5]: 1
2021/07/11-12:36:41.524423 7f9619d4f700 Options.max_bytes_for_level_multiplier_addtl[6]: 1
2021/07/11-12:36:41.524424 7f9619d4f700       Options.max_sequential_skip_in_iterations: 8
2021/07/11-12:36:41.524425 7f9619d4f700                    Options.max_compaction_bytes: 1677721600
2021/07/11-12:36:41.524426 7f9619d4f700                        Options.arena_block_size: 8388608
2021/07/11-12:36:41.524428 7f9619d4f700   Options.soft_pending_compaction_bytes_limit: 68719476736
2021/07/11-12:36:41.524429 7f9619d4f700   Options.hard_pending_compaction_bytes_limit: 274877906944
2021/07/11-12:36:41.524430 7f9619d4f700       Options.rate_limit_delay_max_milliseconds: 100
2021/07/11-12:36:41.524431 7f9619d4f700                Options.disable_auto_compactions: 1
2021/07/11-12:36:41.524432 7f9619d4f700                        Options.compaction_style: kCompactionStyleLevel
2021/07/11-12:36:41.524434 7f9619d4f700                          Options.compaction_pri: kMinOverlappingRatio
2021/07/11-12:36:41.524435 7f9619d4f700 Options.compaction_options_universal.size_ratio: 1
2021/07/11-12:36:41.524436 7f9619d4f700 Options.compaction_options_universal.min_merge_width: 2
2021/07/11-12:36:41.524437 7f9619d4f700 Options.compaction_options_universal.max_merge_width: 4294967295
2021/07/11-12:36:41.524438 7f9619d4f700 Options.compaction_options_universal.max_size_amplification_percent: 200
2021/07/11-12:36:41.524439 7f9619d4f700 Options.compaction_options_universal.compression_size_percent: -1
2021/07/11-12:36:41.524440 7f9619d4f700 Options.compaction_options_universal.stop_style: kCompactionStopStyleTotalSize
2021/07/11-12:36:41.524442 7f9619d4f700 Options.compaction_options_fifo.max_table_files_size: 1073741824
2021/07/11-12:36:41.524451 7f9619d4f700 Options.compaction_options_fifo.allow_compaction: 0
2021/07/11-12:36:41.524456 7f9619d4f700                   Options.table_properties_collectors: 
2021/07/11-12:36:41.524458 7f9619d4f700                   Options.inplace_update_support: 0
2021/07/11-12:36:41.524459 7f9619d4f700                 Options.inplace_update_num_locks: 10000
2021/07/11-12:36:41.524460 7f9619d4f700               Options.memtable_prefix_bloom_size_ratio: 0,000000
2021/07/11-12:36:41.524461 7f9619d4f700               Options.memtable_whole_key_filtering: 0
2021/07/11-12:36:41.524463 7f9619d4f700   Options.memtable_huge_page_size: 0
2021/07/11-12:36:41.524464 7f9619d4f700                           Options.bloom_locality: 0
2021/07/11-12:36:41.524465 7f9619d4f700                    Options.max_successive_merges: 0
2021/07/11-12:36:41.524466 7f9619d4f700                Options.optimize_filters_for_hits: 0
2021/07/11-12:36:41.524467 7f9619d4f700                Options.paranoid_file_checks: 0
2021/07/11-12:36:41.524468 7f9619d4f700                Options.force_consistency_checks: 1
2021/07/11-12:36:41.524469 7f9619d4f700                Options.report_bg_io_stats: 0
2021/07/11-12:36:41.524470 7f9619d4f700                               Options.ttl: 2592000
2021/07/11-12:36:41.524471 7f9619d4f700          Options.periodic_compaction_seconds: 0
2021/07/11-12:36:41.524472 7f9619d4f700                    Options.enable_blob_files: false
2021/07/11-12:36:41.524473 7f9619d4f700                        Options.min_blob_size: 0
2021/07/11-12:36:41.524474 7f9619d4f700                       Options.blob_file_size: 268435456
2021/07/11-12:36:41.524476 7f9619d4f700                Options.blob_compression_type: NoCompression
2021/07/11-12:36:41.524477 7f9619d4f700       Options.enable_blob_garbage_collection: false
2021/07/11-12:36:41.524478 7f9619d4f700   Options.blob_garbage_collection_age_cutoff: 0,250000
2021/07/11-12:36:41.524774 7f9619d4f700 [/column_family.cc:597] --------------- Options for column family []:
2021/07/11-12:36:41.524778 7f9619d4f700               Options.comparator: leveldb.BytewiseComparator
2021/07/11-12:36:41.524780 7f9619d4f700           Options.merge_operator: None
2021/07/11-12:36:41.524781 7f9619d4f700        Options.compaction_filter: None
2021/07/11-12:36:41.524782 7f9619d4f700        Options.compaction_filter_factory: None
2021/07/11-12:36:41.524783 7f9619d4f700  Options.sst_partitioner_factory: None
2021/07/11-12:36:41.524785 7f9619d4f700         Options.memtable_factory: SkipListFactory
2021/07/11-12:36:41.524787 7f9619d4f700            Options.table_factory: BlockBasedTable
2021/07/11-12:36:41.524867 7f9619d4f700            table_factory options:   flush_block_policy_factory: FlushBlockBySizePolicyFactory (0x7f9611651a30)
  cache_index_and_filter_blocks: 0
  cache_index_and_filter_blocks_with_high_priority: 1
  pin_l0_filter_and_index_blocks_in_cache: 0
  pin_top_level_index_and_filter: 1
  index_type: 0
  data_block_index_type: 0
  index_shortening: 1
  data_block_hash_table_util_ratio: 0,750000
  hash_index_allow_collision: 1
  checksum: 1
  no_block_cache: 0
  block_cache: 0x7f9611651a70
  block_cache_name: LRUCache
  block_cache_options:
    capacity : 8388608
    num_shard_bits : 4
    strict_capacity_limit : 0
    memory_allocator : None
    high_pri_pool_ratio: 0,000
  block_cache_compressed: (nil)
  persistent_cache: (nil)
  block_size: 4096
  block_size_deviation: 10
  block_restart_interval: 16
  index_block_restart_interval: 1
  metadata_block_size: 4096
  partition_filters: 0
  use_delta_encoding: 1
  filter_policy: nullptr
  whole_key_filtering: 1
  verify_compression: 0
  read_amp_bytes_per_bit: 0
  format_version: 4
  enable_index_compression: 1
  block_align: 0
2021/07/11-12:36:41.524875 7f9619d4f700        Options.write_buffer_size: 67108864
2021/07/11-12:36:41.524877 7f9619d4f700  Options.max_write_buffer_number: 2
2021/07/11-12:36:41.524880 7f9619d4f700          Options.compression: Snappy
2021/07/11-12:36:41.524882 7f9619d4f700                  Options.bottommost_compression: Disabled
2021/07/11-12:36:41.524899 7f9619d4f700       Options.prefix_extractor: nullptr
2021/07/11-12:36:41.524900 7f9619d4f700   Options.memtable_insert_with_hint_prefix_extractor: nullptr
2021/07/11-12:36:41.524901 7f9619d4f700             Options.num_levels: 7
2021/07/11-12:36:41.524902 7f9619d4f700        Options.min_write_buffer_number_to_merge: 1
2021/07/11-12:36:41.524903 7f9619d4f700     Options.max_write_buffer_number_to_maintain: 0
2021/07/11-12:36:41.524904 7f9619d4f700     Options.max_write_buffer_size_to_maintain: 134217728
2021/07/11-12:36:41.524906 7f9619d4f700            Options.bottommost_compression_opts.window_bits: -14
2021/07/11-12:36:41.524907 7f9619d4f700                  Options.bottommost_compression_opts.level: 32767
2021/07/11-12:36:41.524908 7f9619d4f700               Options.bottommost_compression_opts.strategy: 0
2021/07/11-12:36:41.524909 7f9619d4f700         Options.bottommost_compression_opts.max_dict_bytes: 0
2021/07/11-12:36:41.524910 7f9619d4f700         Options.bottommost_compression_opts.zstd_max_train_bytes: 0
2021/07/11-12:36:41.524911 7f9619d4f700         Options.bottommost_compression_opts.parallel_threads: 1
2021/07/11-12:36:41.524912 7f9619d4f700                  Options.bottommost_compression_opts.enabled: false
2021/07/11-12:36:41.524913 7f9619d4f700            Options.compression_opts.window_bits: -14
2021/07/11-12:36:41.524914 7f9619d4f700                  Options.compression_opts.level: 32767
2021/07/11-12:36:41.524915 7f9619d4f700               Options.compression_opts.strategy: 0
2021/07/11-12:36:41.524916 7f9619d4f700         Options.compression_opts.max_dict_bytes: 0
2021/07/11-12:36:41.524917 7f9619d4f700         Options.compression_opts.zstd_max_train_bytes: 0
2021/07/11-12:36:41.524919 7f9619d4f700         Options.compression_opts.parallel_threads: 1
2021/07/11-12:36:41.524920 7f9619d4f700                  Options.compression_opts.enabled: false
2021/07/11-12:36:41.524921 7f9619d4f700      Options.level0_file_num_compaction_trigger: 4
2021/07/11-12:36:41.524922 7f9619d4f700          Options.level0_slowdown_writes_trigger: 20
2021/07/11-12:36:41.524923 7f9619d4f700              Options.level0_stop_writes_trigger: 36
2021/07/11-12:36:41.524924 7f9619d4f700                   Options.target_file_size_base: 67108864
2021/07/11-12:36:41.524925 7f9619d4f700             Options.target_file_size_multiplier: 1
2021/07/11-12:36:41.524926 7f9619d4f700                Options.max_bytes_for_level_base: 268435456
2021/07/11-12:36:41.524927 7f9619d4f700 Options.level_compaction_dynamic_level_bytes: 0
2021/07/11-12:36:41.524928 7f9619d4f700          Options.max_bytes_for_level_multiplier: 10,000000
2021/07/11-12:36:41.524931 7f9619d4f700 Options.max_bytes_for_level_multiplier_addtl[0]: 1
2021/07/11-12:36:41.524932 7f9619d4f700 Options.max_bytes_for_level_multiplier_addtl[1]: 1
2021/07/11-12:36:41.524933 7f9619d4f700 Options.max_bytes_for_level_multiplier_addtl[2]: 1
2021/07/11-12:36:41.524934 7f9619d4f700 Options.max_bytes_for_level_multiplier_addtl[3]: 1
2021/07/11-12:36:41.524935 7f9619d4f700 Options.max_bytes_for_level_multiplier_addtl[4]: 1
2021/07/11-12:36:41.524936 7f9619d4f700 Options.max_bytes_for_level_multiplier_addtl[5]: 1
2021/07/11-12:36:41.524937 7f9619d4f700 Options.max_bytes_for_level_multiplier_addtl[6]: 1
2021/07/11-12:36:41.524939 7f9619d4f700       Options.max_sequential_skip_in_iterations: 8
2021/07/11-12:36:41.524940 7f9619d4f700                    Options.max_compaction_bytes: 1677721600
2021/07/11-12:36:41.524941 7f9619d4f700                        Options.arena_block_size: 8388608
2021/07/11-12:36:41.524942 7f9619d4f700   Options.soft_pending_compaction_bytes_limit: 68719476736
2021/07/11-12:36:41.524943 7f9619d4f700   Options.hard_pending_compaction_bytes_limit: 274877906944
2021/07/11-12:36:41.524944 7f9619d4f700       Options.rate_limit_delay_max_milliseconds: 100
2021/07/11-12:36:41.524945 7f9619d4f700                Options.disable_auto_compactions: 1
2021/07/11-12:36:41.524947 7f9619d4f700                        Options.compaction_style: kCompactionStyleLevel
2021/07/11-12:36:41.524955 7f9619d4f700                          Options.compaction_pri: kMinOverlappingRatio
2021/07/11-12:36:41.524958 7f9619d4f700 Options.compaction_options_universal.size_ratio: 1
2021/07/11-12:36:41.524959 7f9619d4f700 Options.compaction_options_universal.min_merge_width: 2
2021/07/11-12:36:41.524961 7f9619d4f700 Options.compaction_options_universal.max_merge_width: 4294967295
2021/07/11-12:36:41.524963 7f9619d4f700 Options.compaction_options_universal.max_size_amplification_percent: 200
2021/07/11-12:36:41.524965 7f9619d4f700 Options.compaction_options_universal.compression_size_percent: -1
2021/07/11-12:36:41.524967 7f9619d4f700 Options.compaction_options_universal.stop_style: kCompactionStopStyleTotalSize
2021/07/11-12:36:41.524969 7f9619d4f700 Options.compaction_options_fifo.max_table_files_size: 1073741824
2021/07/11-12:36:41.524971 7f9619d4f700 Options.compaction_options_fifo.allow_compaction: 0
2021/07/11-12:36:41.524975 7f9619d4f700                   Options.table_properties_collectors: 
2021/07/11-12:36:41.524976 7f9619d4f700                   Options.inplace_update_support: 0
2021/07/11-12:36:41.524977 7f9619d4f700                 Options.inplace_update_num_locks: 10000
2021/07/11-12:36:41.524978 7f9619d4f700               Options.memtable_prefix_bloom_size_ratio: 0,000000
2021/07/11-12:36:41.524980 7f9619d4f700               Options.memtable_whole_key_filtering: 0
2021/07/11-12:36:41.525016 7f9619d4f700   Options.memtable_huge_page_size: 0
2021/07/11-12:36:41.525018 7f9619d4f700                           Options.bloom_locality: 0
2021/07/11-12:36:41.525021 7f9619d4f700                    Options.max_successive_merges: 0
2021/07/11-12:36:41.525023 7f9619d4f700                Options.optimize_filters_for_hits: 0
2021/07/11-12:36:41.525024 7f9619d4f700                Options.paranoid_file_checks: 0
2021/07/11-12:36:41.525026 7f9619d4f700                Options.force_consistency_checks: 1
2021/07/11-12:36:41.525028 7f9619d4f700                Options.report_bg_io_stats: 0
2021/07/11-12:36:41.525030 7f9619d4f700                               Options.ttl: 2592000
2021/07/11-12:36:41.525031 7f9619d4f700          Options.periodic_compaction_seconds: 0
2021/07/11-12:36:41.525034 7f9619d4f700                    Options.enable_blob_files: false
2021/07/11-12:36:41.525036 7f9619d4f700                        Options.min_blob_size: 0
2021/07/11-12:36:41.525038 7f9619d4f700                       Options.blob_file_size: 268435456
2021/07/11-12:36:41.525040 7f9619d4f700                Options.blob_compression_type: NoCompression
2021/07/11-12:36:41.525041 7f9619d4f700       Options.enable_blob_garbage_collection: false
2021/07/11-12:36:41.525042 7f9619d4f700   Options.blob_garbage_collection_age_cutoff: 0,250000
2021/07/11-12:36:41.525157 7f9619d4f700 [/column_family.cc:597] --------------- Options for column family []:
2021/07/11-12:36:41.525162 7f9619d4f700               Options.comparator: leveldb.BytewiseComparator
2021/07/11-12:36:41.525163 7f9619d4f700           Options.merge_operator: None
2021/07/11-12:36:41.525164 7f9619d4f700        Options.compaction_filter: None
2021/07/11-12:36:41.525165 7f9619d4f700        Options.compaction_filter_factory: None
2021/07/11-12:36:41.525166 7f9619d4f700  Options.sst_partitioner_factory: None
2021/07/11-12:36:41.525168 7f9619d4f700         Options.memtable_factory: SkipListFactory
2021/07/11-12:36:41.525169 7f9619d4f700            Options.table_factory: BlockBasedTable
2021/07/11-12:36:41.525202 7f9619d4f700            table_factory options:   flush_block_policy_factory: FlushBlockBySizePolicyFactory (0x7f9611653720)
  cache_index_and_filter_blocks: 0
  cache_index_and_filter_blocks_with_high_priority: 1
  pin_l0_filter_and_index_blocks_in_cache: 0
  pin_top_level_index_and_filter: 1
  index_type: 0
  data_block_index_type: 0
  index_shortening: 1
  data_block_hash_table_util_ratio: 0,750000
  hash_index_allow_collision: 1
  checksum: 1
  no_block_cache: 0
  block_cache: 0x7f9611653760
  block_cache_name: LRUCache
  block_cache_options:
    capacity : 8388608
    num_shard_bits : 4
    strict_capacity_limit : 0
    memory_allocator : None
    high_pri_pool_ratio: 0,000
  block_cache_compressed: (nil)
  persistent_cache: (nil)
  block_size: 4096
  block_size_deviation: 10
  block_restart_interval: 16
  index_block_restart_interval: 1
  metadata_block_size: 4096
  partition_filters: 0
  use_delta_encoding: 1
  filter_policy: nullptr
  whole_key_filtering: 1
  verify_compression: 0
  read_amp_bytes_per_bit: 0
  format_version: 4
  enable_index_compression: 1
  block_align: 0
2021/07/11-12:36:41.525272 7f9619d4f700        Options.write_buffer_size: 67108864
2021/07/11-12:36:41.525276 7f9619d4f700  Options.max_write_buffer_number: 2
2021/07/11-12:36:41.525279 7f9619d4f700          Options.compression: Snappy
2021/07/11-12:36:41.525281 7f9619d4f700                  Options.bottommost_compression: Disabled
2021/07/11-12:36:41.525283 7f9619d4f700       Options.prefix_extractor: nullptr
2021/07/11-12:36:41.525284 7f9619d4f700   Options.memtable_insert_with_hint_prefix_extractor: nullptr
2021/07/11-12:36:41.525285 7f9619d4f700             Options.num_levels: 7
2021/07/11-12:36:41.525286 7f9619d4f700        Options.min_write_buffer_number_to_merge: 1
2021/07/11-12:36:41.525287 7f9619d4f700     Options.max_write_buffer_number_to_maintain: 0
2021/07/11-12:36:41.525288 7f9619d4f700     Options.max_write_buffer_size_to_maintain: 134217728
2021/07/11-12:36:41.525290 7f9619d4f700            Options.bottommost_compression_opts.window_bits: -14
2021/07/11-12:36:41.525292 7f9619d4f700                  Options.bottommost_compression_opts.level: 32767
2021/07/11-12:36:41.525293 7f9619d4f700               Options.bottommost_compression_opts.strategy: 0
2021/07/11-12:36:41.525295 7f9619d4f700         Options.bottommost_compression_opts.max_dict_bytes: 0
2021/07/11-12:36:41.525297 7f9619d4f700         Options.bottommost_compression_opts.zstd_max_train_bytes: 0
2021/07/11-12:36:41.525299 7f9619d4f700         Options.bottommost_compression_opts.parallel_threads: 1
2021/07/11-12:36:41.525301 7f9619d4f700                  Options.bottommost_compression_opts.enabled: false
2021/07/11-12:36:41.525303 7f9619d4f700            Options.compression_opts.window_bits: -14
2021/07/11-12:36:41.525305 7f9619d4f700                  Options.compression_opts.level: 32767
2021/07/11-12:36:41.525306 7f9619d4f700               Options.compression_opts.strategy: 0
2021/07/11-12:36:41.525307 7f9619d4f700         Options.compression_opts.max_dict_bytes: 0
2021/07/11-12:36:41.525308 7f9619d4f700         Options.compression_opts.zstd_max_train_bytes: 0
2021/07/11-12:36:41.525309 7f9619d4f700         Options.compression_opts.parallel_threads: 1
2021/07/11-12:36:41.525311 7f9619d4f700                  Options.compression_opts.enabled: false
2021/07/11-12:36:41.525312 7f9619d4f700      Options.level0_file_num_compaction_trigger: 4
2021/07/11-12:36:41.525313 7f9619d4f700          Options.level0_slowdown_writes_trigger: 20
2021/07/11-12:36:41.525314 7f9619d4f700              Options.level0_stop_writes_trigger: 36
2021/07/11-12:36:41.525315 7f9619d4f700                   Options.target_file_size_base: 67108864
2021/07/11-12:36:41.525316 7f9619d4f700             Options.target_file_size_multiplier: 1
2021/07/11-12:36:41.525376 7f9619d4f700                Options.max_bytes_for_level_base: 268435456
2021/07/11-12:36:41.525379 7f9619d4f700 Options.level_compaction_dynamic_level_bytes: 0
2021/07/11-12:36:41.525381 7f9619d4f700          Options.max_bytes_for_level_multiplier: 10,000000
2021/07/11-12:36:41.525384 7f9619d4f700 Options.max_bytes_for_level_multiplier_addtl[0]: 1
2021/07/11-12:36:41.525386 7f9619d4f700 Options.max_bytes_for_level_multiplier_addtl[1]: 1
2021/07/11-12:36:41.525388 7f9619d4f700 Options.max_bytes_for_level_multiplier_addtl[2]: 1
2021/07/11-12:36:41.525390 7f9619d4f700 Options.max_bytes_for_level_multiplier_addtl[3]: 1
2021/07/11-12:36:41.525392 7f9619d4f700 Options.max_bytes_for_level_multiplier_addtl[4]: 1
2021/07/11-12:36:41.525394 7f9619d4f700 Options.max_bytes_for_level_multiplier_addtl[5]: 1
2021/07/11-12:36:41.525408 7f9619d4f700 Options.max_bytes_for_level_multiplier_addtl[6]: 1
2021/07/11-12:36:41.525411 7f9619d4f700       Options.max_sequential_skip_in_iterations: 8
2021/07/11-12:36:41.525413 7f9619d4f700                    Options.max_compaction_bytes: 1677721600
2021/07/11-12:36:41.525414 7f9619d4f700                        Options.arena_block_size: 8388608
2021/07/11-12:36:41.525417 7f9619d4f700   Options.soft_pending_compaction_bytes_limit: 68719476736
2021/07/11-12:36:41.525419 7f9619d4f700   Options.hard_pending_compaction_bytes_limit: 274877906944
2021/07/11-12:36:41.525421 7f9619d4f700       Options.rate_limit_delay_max_milliseconds: 100
2021/07/11-12:36:41.525422 7f9619d4f700                Options.disable_auto_compactions: 1
2021/07/11-12:36:41.525424 7f9619d4f700                        Options.compaction_style: kCompactionStyleLevel
2021/07/11-12:36:41.525425 7f9619d4f700                          Options.compaction_pri: kMinOverlappingRatio
2021/07/11-12:36:41.525427 7f9619d4f700 Options.compaction_options_universal.size_ratio: 1
2021/07/11-12:36:41.525428 7f9619d4f700 Options.compaction_options_universal.min_merge_width: 2
2021/07/11-12:36:41.525467 7f9619d4f700 Options.compaction_options_universal.max_merge_width: 4294967295
2021/07/11-12:36:41.525505 7f9619d4f700 Options.compaction_options_universal.max_size_amplification_percent: 200
2021/07/11-12:36:41.525508 7f9619d4f700 Options.compaction_options_universal.compression_size_percent: -1
2021/07/11-12:36:41.525511 7f9619d4f700 Options.compaction_options_universal.stop_style: kCompactionStopStyleTotalSize
2021/07/11-12:36:41.525513 7f9619d4f700 Options.compaction_options_fifo.max_table_files_size: 1073741824
2021/07/11-12:36:41.525514 7f9619d4f700 Options.compaction_options_fifo.allow_compaction: 0
2021/07/11-12:36:41.525519 7f9619d4f700                   Options.table_properties_collectors: 
2021/07/11-12:36:41.525521 7f9619d4f700                   Options.inplace_update_support: 0
2021/07/11-12:36:41.525523 7f9619d4f700                 Options.inplace_update_num_locks: 10000
2021/07/11-12:36:41.525525 7f9619d4f700               Options.memtable_prefix_bloom_size_ratio: 0,000000
2021/07/11-12:36:41.525527 7f9619d4f700               Options.memtable_whole_key_filtering: 0
2021/07/11-12:36:41.525528 7f9619d4f700   Options.memtable_huge_page_size: 0
2021/07/11-12:36:41.525529 7f9619d4f700                           Options.bloom_locality: 0
2021/07/11-12:36:41.525530 7f9619d4f700                    Options.max_successive_merges: 0
2021/07/11-12:36:41.525532 7f9619d4f700                Options.optimize_filters_for_hits: 0
2021/07/11-12:36:41.525534 7f9619d4f700                Options.paranoid_file_checks: 0
2021/07/11-12:36:41.525536 7f9619d4f700                Options.force_consistency_checks: 1
2021/07/11-12:36:41.525538 7f9619d4f700                Options.report_bg_io_stats: 0
2021/07/11-12:36:41.525540 7f9619d4f700                               Options.ttl: 2592000
2021/07/11-12:36:41.525542 7f9619d4f700          Options.periodic_compaction_seconds: 0
2021/07/11-12:36:41.525544 7f9619d4f700                    Options.enable_blob_files: false
2021/07/11-12:36:41.525545 7f9619d4f700                        Options.min_blob_size: 0
2021/07/11-12:36:41.525546 7f9619d4f700                       Options.blob_file_size: 268435456
2021/07/11-12:36:41.525548 7f9619d4f700                Options.blob_compression_type: NoCompression
2021/07/11-12:36:41.525549 7f9619d4f700       Options.enable_blob_garbage_collection: false
2021/07/11-12:36:41.525550 7f9619d4f700   Options.blob_garbage_collection_age_cutoff: 0,250000
2021/07/11-12:36:41.525604 7f9619d4f700 [/column_family.cc:597] --------------- Options for column family []:
2021/07/11-12:36:41.525661 7f9619d4f700               Options.comparator: leveldb.BytewiseComparator
2021/07/11-12:36:41.525663 7f9619d4f700           Options.merge_operator: None
2021/07/11-12:36:41.525665 7f9619d4f700        Options.compaction_filter: None
2021/07/11-12:36:41.525667 7f9619d4f700        Options.compaction_filter_factory: None
2021/07/11-12:36:41.525685 7f9619d4f700  Options.sst_partitioner_factory: None
2021/07/11-12:36:41.525687 7f9619d4f700         Options.memtable_factory: SkipListFactory
2021/07/11-12:36:41.525688 7f9619d4f700            Options.table_factory: BlockBasedTable
2021/07/11-12:36:41.525776 7f9619d4f700            table_factory options:   flush_block_policy_factory: FlushBlockBySizePolicyFactory (0x7f9611655720)
  cache_index_and_filter_blocks: 0
  cache_index_and_filter_blocks_with_high_priority: 1
  pin_l0_filter_and_index_blocks_in_cache: 0
  pin_top_level_index_and_filter: 1
  index_type: 0
  data_block_index_type: 0
  index_shortening: 1
  data_block_hash_table_util_ratio: 0,750000
  hash_index_allow_collision: 1
  checksum: 1
  no_block_cache: 0
  block_cache: 0x7f9611655760
  block_cache_name: LRUCache
  block_cache_options:
    capacity : 8388608
    num_shard_bits : 4
    strict_capacity_limit : 0
    memory_allocator : None
    high_pri_pool_ratio: 0,000
  block_cache_compressed: (nil)
  persistent_cache: (nil)
  block_size: 4096
  block_size_deviation: 10
  block_restart_interval: 16
  index_block_restart_interval: 1
  metadata_block_size: 4096
  partition_filters: 0
  use_delta_encoding: 1
  filter_policy: nullptr
  whole_key_filtering: 1
  verify_compression: 0
  read_amp_bytes_per_bit: 0
  format_version: 4
  enable_index_compression: 1
  block_align: 0
2021/07/11-12:36:41.525781 7f9619d4f700        Options.write_buffer_size: 67108864
2021/07/11-12:36:41.525783 7f9619d4f700  Options.max_write_buffer_number: 2
2021/07/11-12:36:41.525786 7f9619d4f700          Options.compression: Snappy
2021/07/11-12:36:41.525787 7f9619d4f700                  Options.bottommost_compression: Disabled
2021/07/11-12:36:41.525789 7f9619d4f700       Options.prefix_extractor: nullptr
2021/07/11-12:36:41.525791 7f9619d4f700   Options.memtable_insert_with_hint_prefix_extractor: nullptr
2021/07/11-12:36:41.525793 7f9619d4f700             Options.num_levels: 7
2021/07/11-12:36:41.525795 7f9619d4f700        Options.min_write_buffer_number_to_merge: 1
2021/07/11-12:36:41.525797 7f9619d4f700     Options.max_write_buffer_number_to_maintain: 0
2021/07/11-12:36:41.525799 7f9619d4f700     Options.max_write_buffer_size_to_maintain: 134217728
2021/07/11-12:36:41.525801 7f9619d4f700            Options.bottommost_compression_opts.window_bits: -14
2021/07/11-12:36:41.525803 7f9619d4f700                  Options.bottommost_compression_opts.level: 32767
2021/07/11-12:36:41.525805 7f9619d4f700               Options.bottommost_compression_opts.strategy: 0
2021/07/11-12:36:41.525807 7f9619d4f700         Options.bottommost_compression_opts.max_dict_bytes: 0
2021/07/11-12:36:41.525809 7f9619d4f700         Options.bottommost_compression_opts.zstd_max_train_bytes: 0
2021/07/11-12:36:41.525811 7f9619d4f700         Options.bottommost_compression_opts.parallel_threads: 1
2021/07/11-12:36:41.525813 7f9619d4f700                  Options.bottommost_compression_opts.enabled: false
