2021/06/26-17:04:46.841462 7ff8b7964700 RocksDB version: 6.15.2
2021/06/26-17:04:46.841545 7ff8b7964700 Git sha rocksdb_build_git_sha:
2021/06/26-17:04:46.841550 7ff8b7964700 Compile date Jan  4 2021
2021/06/26-17:04:46.841698 7ff8b7964700 DB SUMMARY
2021/06/26-17:04:46.841702 7ff8b7964700 DB Session ID:  55PJUTXL36866FHXI379
2021/06/26-17:04:46.841787 7ff8b7964700 CURRENT file:  CURRENT
2021/06/26-17:04:46.841791 7ff8b7964700 IDENTITY file:  IDENTITY
2021/06/26-17:04:46.841803 7ff8b7964700 MANIFEST file:  MANIFEST-000003 size: 497 Bytes
2021/06/26-17:04:46.841807 7ff8b7964700 SST files in /home/javier/besu-21.1.7/IBFT-Network/Node-4/data/database dir, Total Num: 0, files: 
2021/06/26-17:04:46.841811 7ff8b7964700 Write Ahead Log file in /home/javier/besu-21.1.7/IBFT-Network/Node-4/data/database: 000004.log size: 1165145 ; 
2021/06/26-17:04:46.841817 7ff8b7964700                         Options.error_if_exists: 0
2021/06/26-17:04:46.841820 7ff8b7964700                       Options.create_if_missing: 1
2021/06/26-17:04:46.841822 7ff8b7964700                         Options.paranoid_checks: 1
2021/06/26-17:04:46.841824 7ff8b7964700                               Options.track_and_verify_wals_in_manifest: 0
2021/06/26-17:04:46.841827 7ff8b7964700                                     Options.env: 0x7ff826dbf3c0
2021/06/26-17:04:46.841829 7ff8b7964700                                      Options.fs: Posix File System
2021/06/26-17:04:46.841832 7ff8b7964700                                Options.info_log: 0x7ff8b173f180
2021/06/26-17:04:46.841834 7ff8b7964700                Options.max_file_opening_threads: 16
2021/06/26-17:04:46.841836 7ff8b7964700                              Options.statistics: 0x7ff8b16ba2c0
2021/06/26-17:04:46.841838 7ff8b7964700                               Options.use_fsync: 0
2021/06/26-17:04:46.841840 7ff8b7964700                       Options.max_log_file_size: 0
2021/06/26-17:04:46.841842 7ff8b7964700                  Options.max_manifest_file_size: 1073741824
2021/06/26-17:04:46.841845 7ff8b7964700                   Options.log_file_time_to_roll: 0
2021/06/26-17:04:46.841847 7ff8b7964700                       Options.keep_log_file_num: 1000
2021/06/26-17:04:46.841849 7ff8b7964700                    Options.recycle_log_file_num: 0
2021/06/26-17:04:46.841851 7ff8b7964700                         Options.allow_fallocate: 1
2021/06/26-17:04:46.841853 7ff8b7964700                        Options.allow_mmap_reads: 0
2021/06/26-17:04:46.841855 7ff8b7964700                       Options.allow_mmap_writes: 0
2021/06/26-17:04:46.841857 7ff8b7964700                        Options.use_direct_reads: 0
2021/06/26-17:04:46.841859 7ff8b7964700                        Options.use_direct_io_for_flush_and_compaction: 0
2021/06/26-17:04:46.841861 7ff8b7964700          Options.create_missing_column_families: 1
2021/06/26-17:04:46.841863 7ff8b7964700                              Options.db_log_dir: 
2021/06/26-17:04:46.841865 7ff8b7964700                                 Options.wal_dir: /home/javier/besu-21.1.7/IBFT-Network/Node-4/data/database
2021/06/26-17:04:46.841868 7ff8b7964700                Options.table_cache_numshardbits: 6
2021/06/26-17:04:46.841870 7ff8b7964700                         Options.WAL_ttl_seconds: 0
2021/06/26-17:04:46.841872 7ff8b7964700                       Options.WAL_size_limit_MB: 0
2021/06/26-17:04:46.841874 7ff8b7964700                        Options.max_write_batch_group_size_bytes: 1048576
2021/06/26-17:04:46.841876 7ff8b7964700             Options.manifest_preallocation_size: 4194304
2021/06/26-17:04:46.841878 7ff8b7964700                     Options.is_fd_close_on_exec: 1
2021/06/26-17:04:46.841880 7ff8b7964700                   Options.advise_random_on_open: 1
2021/06/26-17:04:46.841882 7ff8b7964700                    Options.db_write_buffer_size: 0
2021/06/26-17:04:46.841884 7ff8b7964700                    Options.write_buffer_manager: 0x7ff8b173ed10
2021/06/26-17:04:46.841886 7ff8b7964700         Options.access_hint_on_compaction_start: 1
2021/06/26-17:04:46.841889 7ff8b7964700  Options.new_table_reader_for_compaction_inputs: 0
2021/06/26-17:04:46.841891 7ff8b7964700           Options.random_access_max_buffer_size: 1048576
2021/06/26-17:04:46.841911 7ff8b7964700                      Options.use_adaptive_mutex: 0
2021/06/26-17:04:46.841914 7ff8b7964700                            Options.rate_limiter: (nil)
2021/06/26-17:04:46.841919 7ff8b7964700     Options.sst_file_manager.rate_bytes_per_sec: 0
2021/06/26-17:04:46.841921 7ff8b7964700                       Options.wal_recovery_mode: 2
2021/06/26-17:04:46.841923 7ff8b7964700                  Options.enable_thread_tracking: 0
2021/06/26-17:04:46.841925 7ff8b7964700                  Options.enable_pipelined_write: 0
2021/06/26-17:04:46.841927 7ff8b7964700                  Options.unordered_write: 0
2021/06/26-17:04:46.841930 7ff8b7964700         Options.allow_concurrent_memtable_write: 1
2021/06/26-17:04:46.841932 7ff8b7964700      Options.enable_write_thread_adaptive_yield: 1
2021/06/26-17:04:46.841934 7ff8b7964700             Options.write_thread_max_yield_usec: 100
2021/06/26-17:04:46.841936 7ff8b7964700            Options.write_thread_slow_yield_usec: 3
2021/06/26-17:04:46.841938 7ff8b7964700                               Options.row_cache: None
2021/06/26-17:04:46.841940 7ff8b7964700                              Options.wal_filter: None
2021/06/26-17:04:46.841943 7ff8b7964700             Options.avoid_flush_during_recovery: 0
2021/06/26-17:04:46.841945 7ff8b7964700             Options.allow_ingest_behind: 0
2021/06/26-17:04:46.841947 7ff8b7964700             Options.preserve_deletes: 0
2021/06/26-17:04:46.841949 7ff8b7964700             Options.two_write_queues: 0
2021/06/26-17:04:46.841951 7ff8b7964700             Options.manual_wal_flush: 0
2021/06/26-17:04:46.841953 7ff8b7964700             Options.atomic_flush: 0
2021/06/26-17:04:46.841955 7ff8b7964700             Options.avoid_unnecessary_blocking_io: 0
2021/06/26-17:04:46.841957 7ff8b7964700                 Options.persist_stats_to_disk: 0
2021/06/26-17:04:46.841959 7ff8b7964700                 Options.write_dbid_to_manifest: 0
2021/06/26-17:04:46.841961 7ff8b7964700                 Options.log_readahead_size: 0
2021/06/26-17:04:46.841963 7ff8b7964700                 Options.file_checksum_gen_factory: Unknown
2021/06/26-17:04:46.841965 7ff8b7964700                 Options.best_efforts_recovery: 0
2021/06/26-17:04:46.841967 7ff8b7964700                Options.max_bgerror_resume_count: 2147483647
2021/06/26-17:04:46.841969 7ff8b7964700            Options.bgerror_resume_retry_interval: 1000000
2021/06/26-17:04:46.841971 7ff8b7964700             Options.allow_data_in_errors: 0
2021/06/26-17:04:46.841974 7ff8b7964700             Options.db_host_id: __hostname__
2021/06/26-17:04:46.841977 7ff8b7964700             Options.max_background_jobs: 2
2021/06/26-17:04:46.841979 7ff8b7964700             Options.max_background_compactions: 4
2021/06/26-17:04:46.841982 7ff8b7964700             Options.max_subcompactions: 1
2021/06/26-17:04:46.841984 7ff8b7964700             Options.avoid_flush_during_shutdown: 0
2021/06/26-17:04:46.841986 7ff8b7964700           Options.writable_file_max_buffer_size: 1048576
2021/06/26-17:04:46.841988 7ff8b7964700             Options.delayed_write_rate : 16777216
2021/06/26-17:04:46.841990 7ff8b7964700             Options.max_total_wal_size: 0
2021/06/26-17:04:46.841992 7ff8b7964700             Options.delete_obsolete_files_period_micros: 21600000000
2021/06/26-17:04:46.841994 7ff8b7964700                   Options.stats_dump_period_sec: 600
2021/06/26-17:04:46.841996 7ff8b7964700                 Options.stats_persist_period_sec: 600
2021/06/26-17:04:46.841998 7ff8b7964700                 Options.stats_history_buffer_size: 1048576
2021/06/26-17:04:46.842001 7ff8b7964700                          Options.max_open_files: 1024
2021/06/26-17:04:46.842003 7ff8b7964700                          Options.bytes_per_sync: 0
2021/06/26-17:04:46.842005 7ff8b7964700                      Options.wal_bytes_per_sync: 0
2021/06/26-17:04:46.842007 7ff8b7964700                   Options.strict_bytes_per_sync: 0
2021/06/26-17:04:46.842009 7ff8b7964700       Options.compaction_readahead_size: 0
2021/06/26-17:04:46.842022 7ff8b7964700                  Options.max_background_flushes: -1
2021/06/26-17:04:46.842025 7ff8b7964700 Compression algorithms supported:
2021/06/26-17:04:46.842027 7ff8b7964700 	kZSTDNotFinalCompression supported: 1
2021/06/26-17:04:46.842040 7ff8b7964700 	kZSTD supported: 1
2021/06/26-17:04:46.842043 7ff8b7964700 	kXpressCompression supported: 0
2021/06/26-17:04:46.842045 7ff8b7964700 	kLZ4HCCompression supported: 1
2021/06/26-17:04:46.842047 7ff8b7964700 	kLZ4Compression supported: 1
2021/06/26-17:04:46.842050 7ff8b7964700 	kBZip2Compression supported: 1
2021/06/26-17:04:46.842052 7ff8b7964700 	kZlibCompression supported: 1
2021/06/26-17:04:46.842054 7ff8b7964700 	kSnappyCompression supported: 1
2021/06/26-17:04:46.842063 7ff8b7964700 Fast CRC32 supported: Not supported on x86
2021/06/26-17:04:46.842344 7ff8b7964700 [/version_set.cc:4725] Recovering from manifest file: /home/javier/besu-21.1.7/IBFT-Network/Node-4/data/database/MANIFEST-000003
2021/06/26-17:04:46.842737 7ff8b7964700 [/column_family.cc:597] --------------- Options for column family [default]:
2021/06/26-17:04:46.842746 7ff8b7964700               Options.comparator: leveldb.BytewiseComparator
2021/06/26-17:04:46.842748 7ff8b7964700           Options.merge_operator: None
2021/06/26-17:04:46.842751 7ff8b7964700        Options.compaction_filter: None
2021/06/26-17:04:46.842753 7ff8b7964700        Options.compaction_filter_factory: None
2021/06/26-17:04:46.842755 7ff8b7964700  Options.sst_partitioner_factory: None
2021/06/26-17:04:46.842757 7ff8b7964700         Options.memtable_factory: SkipListFactory
2021/06/26-17:04:46.842759 7ff8b7964700            Options.table_factory: BlockBasedTable
2021/06/26-17:04:46.842819 7ff8b7964700            table_factory options:   flush_block_policy_factory: FlushBlockBySizePolicyFactory (0x7ff8b16c6f10)
  cache_index_and_filter_blocks: 0
  cache_index_and_filter_blocks_with_high_priority: 1
  pin_l0_filter_and_index_blocks_in_cache: 0
  pin_top_level_index_and_filter: 1
  index_type: 0
  data_block_index_type: 0
  index_shortening: 1
  data_block_hash_table_util_ratio: 0,750000
  hash_index_allow_collision: 1
  checksum: 1
  no_block_cache: 0
  block_cache: 0x7ff8b16c49e0
  block_cache_name: LRUCache
  block_cache_options:
    capacity : 8388608
    num_shard_bits : 4
    strict_capacity_limit : 0
    memory_allocator : None
    high_pri_pool_ratio: 0,000
  block_cache_compressed: (nil)
  persistent_cache: (nil)
  block_size: 4096
  block_size_deviation: 10
  block_restart_interval: 16
  index_block_restart_interval: 1
  metadata_block_size: 4096
  partition_filters: 0
  use_delta_encoding: 1
  filter_policy: nullptr
  whole_key_filtering: 1
  verify_compression: 0
  read_amp_bytes_per_bit: 0
  format_version: 4
  enable_index_compression: 1
  block_align: 0
2021/06/26-17:04:46.842826 7ff8b7964700        Options.write_buffer_size: 67108864
2021/06/26-17:04:46.842828 7ff8b7964700  Options.max_write_buffer_number: 2
2021/06/26-17:04:46.842831 7ff8b7964700          Options.compression: Snappy
2021/06/26-17:04:46.842833 7ff8b7964700                  Options.bottommost_compression: Disabled
2021/06/26-17:04:46.842835 7ff8b7964700       Options.prefix_extractor: nullptr
2021/06/26-17:04:46.842837 7ff8b7964700   Options.memtable_insert_with_hint_prefix_extractor: nullptr
2021/06/26-17:04:46.842840 7ff8b7964700             Options.num_levels: 7
2021/06/26-17:04:46.842842 7ff8b7964700        Options.min_write_buffer_number_to_merge: 1
2021/06/26-17:04:46.842844 7ff8b7964700     Options.max_write_buffer_number_to_maintain: 0
2021/06/26-17:04:46.842846 7ff8b7964700     Options.max_write_buffer_size_to_maintain: 134217728
2021/06/26-17:04:46.842848 7ff8b7964700            Options.bottommost_compression_opts.window_bits: -14
2021/06/26-17:04:46.842850 7ff8b7964700                  Options.bottommost_compression_opts.level: 32767
2021/06/26-17:04:46.842852 7ff8b7964700               Options.bottommost_compression_opts.strategy: 0
2021/06/26-17:04:46.842854 7ff8b7964700         Options.bottommost_compression_opts.max_dict_bytes: 0
2021/06/26-17:04:46.842879 7ff8b7964700         Options.bottommost_compression_opts.zstd_max_train_bytes: 0
2021/06/26-17:04:46.842882 7ff8b7964700         Options.bottommost_compression_opts.parallel_threads: 1
2021/06/26-17:04:46.842884 7ff8b7964700                  Options.bottommost_compression_opts.enabled: false
2021/06/26-17:04:46.842886 7ff8b7964700            Options.compression_opts.window_bits: -14
2021/06/26-17:04:46.842888 7ff8b7964700                  Options.compression_opts.level: 32767
2021/06/26-17:04:46.842890 7ff8b7964700               Options.compression_opts.strategy: 0
2021/06/26-17:04:46.842892 7ff8b7964700         Options.compression_opts.max_dict_bytes: 0
2021/06/26-17:04:46.842894 7ff8b7964700         Options.compression_opts.zstd_max_train_bytes: 0
2021/06/26-17:04:46.842896 7ff8b7964700         Options.compression_opts.parallel_threads: 1
2021/06/26-17:04:46.842898 7ff8b7964700                  Options.compression_opts.enabled: false
2021/06/26-17:04:46.842900 7ff8b7964700      Options.level0_file_num_compaction_trigger: 4
2021/06/26-17:04:46.842903 7ff8b7964700          Options.level0_slowdown_writes_trigger: 20
2021/06/26-17:04:46.842905 7ff8b7964700              Options.level0_stop_writes_trigger: 36
2021/06/26-17:04:46.842907 7ff8b7964700                   Options.target_file_size_base: 67108864
2021/06/26-17:04:46.842909 7ff8b7964700             Options.target_file_size_multiplier: 1
2021/06/26-17:04:46.842911 7ff8b7964700                Options.max_bytes_for_level_base: 268435456
2021/06/26-17:04:46.842913 7ff8b7964700 Options.level_compaction_dynamic_level_bytes: 0
2021/06/26-17:04:46.842915 7ff8b7964700          Options.max_bytes_for_level_multiplier: 10,000000
2021/06/26-17:04:46.842920 7ff8b7964700 Options.max_bytes_for_level_multiplier_addtl[0]: 1
2021/06/26-17:04:46.842922 7ff8b7964700 Options.max_bytes_for_level_multiplier_addtl[1]: 1
2021/06/26-17:04:46.842924 7ff8b7964700 Options.max_bytes_for_level_multiplier_addtl[2]: 1
2021/06/26-17:04:46.842926 7ff8b7964700 Options.max_bytes_for_level_multiplier_addtl[3]: 1
2021/06/26-17:04:46.842928 7ff8b7964700 Options.max_bytes_for_level_multiplier_addtl[4]: 1
2021/06/26-17:04:46.842930 7ff8b7964700 Options.max_bytes_for_level_multiplier_addtl[5]: 1
2021/06/26-17:04:46.842933 7ff8b7964700 Options.max_bytes_for_level_multiplier_addtl[6]: 1
2021/06/26-17:04:46.842935 7ff8b7964700       Options.max_sequential_skip_in_iterations: 8
2021/06/26-17:04:46.842937 7ff8b7964700                    Options.max_compaction_bytes: 1677721600
2021/06/26-17:04:46.842939 7ff8b7964700                        Options.arena_block_size: 8388608
2021/06/26-17:04:46.842941 7ff8b7964700   Options.soft_pending_compaction_bytes_limit: 68719476736
2021/06/26-17:04:46.842943 7ff8b7964700   Options.hard_pending_compaction_bytes_limit: 274877906944
2021/06/26-17:04:46.842945 7ff8b7964700       Options.rate_limit_delay_max_milliseconds: 100
2021/06/26-17:04:46.842947 7ff8b7964700                Options.disable_auto_compactions: 1
2021/06/26-17:04:46.842950 7ff8b7964700                        Options.compaction_style: kCompactionStyleLevel
2021/06/26-17:04:46.842953 7ff8b7964700                          Options.compaction_pri: kMinOverlappingRatio
2021/06/26-17:04:46.842955 7ff8b7964700 Options.compaction_options_universal.size_ratio: 1
2021/06/26-17:04:46.842957 7ff8b7964700 Options.compaction_options_universal.min_merge_width: 2
2021/06/26-17:04:46.842959 7ff8b7964700 Options.compaction_options_universal.max_merge_width: 4294967295
2021/06/26-17:04:46.842961 7ff8b7964700 Options.compaction_options_universal.max_size_amplification_percent: 200
2021/06/26-17:04:46.842964 7ff8b7964700 Options.compaction_options_universal.compression_size_percent: -1
2021/06/26-17:04:46.842966 7ff8b7964700 Options.compaction_options_universal.stop_style: kCompactionStopStyleTotalSize
2021/06/26-17:04:46.842968 7ff8b7964700 Options.compaction_options_fifo.max_table_files_size: 1073741824
2021/06/26-17:04:46.842970 7ff8b7964700 Options.compaction_options_fifo.allow_compaction: 0
2021/06/26-17:04:46.842986 7ff8b7964700                   Options.table_properties_collectors: 
2021/06/26-17:04:46.842989 7ff8b7964700                   Options.inplace_update_support: 0
2021/06/26-17:04:46.842991 7ff8b7964700                 Options.inplace_update_num_locks: 10000
2021/06/26-17:04:46.842993 7ff8b7964700               Options.memtable_prefix_bloom_size_ratio: 0,000000
2021/06/26-17:04:46.842996 7ff8b7964700               Options.memtable_whole_key_filtering: 0
2021/06/26-17:04:46.842998 7ff8b7964700   Options.memtable_huge_page_size: 0
2021/06/26-17:04:46.843000 7ff8b7964700                           Options.bloom_locality: 0
2021/06/26-17:04:46.843002 7ff8b7964700                    Options.max_successive_merges: 0
2021/06/26-17:04:46.843004 7ff8b7964700                Options.optimize_filters_for_hits: 0
2021/06/26-17:04:46.843006 7ff8b7964700                Options.paranoid_file_checks: 0
2021/06/26-17:04:46.843008 7ff8b7964700                Options.force_consistency_checks: 1
2021/06/26-17:04:46.843010 7ff8b7964700                Options.report_bg_io_stats: 0
2021/06/26-17:04:46.843012 7ff8b7964700                               Options.ttl: 2592000
2021/06/26-17:04:46.843014 7ff8b7964700          Options.periodic_compaction_seconds: 0
2021/06/26-17:04:46.843017 7ff8b7964700                    Options.enable_blob_files: false
2021/06/26-17:04:46.843019 7ff8b7964700                        Options.min_blob_size: 0
2021/06/26-17:04:46.843021 7ff8b7964700                       Options.blob_file_size: 268435456
2021/06/26-17:04:46.843023 7ff8b7964700                Options.blob_compression_type: NoCompression
2021/06/26-17:04:46.843025 7ff8b7964700       Options.enable_blob_garbage_collection: false
2021/06/26-17:04:46.843027 7ff8b7964700   Options.blob_garbage_collection_age_cutoff: 0,250000
2021/06/26-17:04:46.843346 7ff8b7964700 [/column_family.cc:597] --------------- Options for column family []:
2021/06/26-17:04:46.843353 7ff8b7964700               Options.comparator: leveldb.BytewiseComparator
2021/06/26-17:04:46.843356 7ff8b7964700           Options.merge_operator: None
2021/06/26-17:04:46.843358 7ff8b7964700        Options.compaction_filter: None
2021/06/26-17:04:46.843360 7ff8b7964700        Options.compaction_filter_factory: None
2021/06/26-17:04:46.843362 7ff8b7964700  Options.sst_partitioner_factory: None
2021/06/26-17:04:46.843364 7ff8b7964700         Options.memtable_factory: SkipListFactory
2021/06/26-17:04:46.843366 7ff8b7964700            Options.table_factory: BlockBasedTable
2021/06/26-17:04:46.843416 7ff8b7964700            table_factory options:   flush_block_policy_factory: FlushBlockBySizePolicyFactory (0x7ff8b16af6d0)
  cache_index_and_filter_blocks: 0
  cache_index_and_filter_blocks_with_high_priority: 1
  pin_l0_filter_and_index_blocks_in_cache: 0
  pin_top_level_index_and_filter: 1
  index_type: 0
  data_block_index_type: 0
  index_shortening: 1
  data_block_hash_table_util_ratio: 0,750000
  hash_index_allow_collision: 1
  checksum: 1
  no_block_cache: 0
  block_cache: 0x7ff8b16af710
  block_cache_name: LRUCache
  block_cache_options:
    capacity : 8388608
    num_shard_bits : 4
    strict_capacity_limit : 0
    memory_allocator : None
    high_pri_pool_ratio: 0,000
  block_cache_compressed: (nil)
  persistent_cache: (nil)
  block_size: 4096
  block_size_deviation: 10
  block_restart_interval: 16
  index_block_restart_interval: 1
  metadata_block_size: 4096
  partition_filters: 0
  use_delta_encoding: 1
  filter_policy: nullptr
  whole_key_filtering: 1
  verify_compression: 0
  read_amp_bytes_per_bit: 0
  format_version: 4
  enable_index_compression: 1
  block_align: 0
2021/06/26-17:04:46.843419 7ff8b7964700        Options.write_buffer_size: 67108864
2021/06/26-17:04:46.843421 7ff8b7964700  Options.max_write_buffer_number: 2
2021/06/26-17:04:46.843424 7ff8b7964700          Options.compression: Snappy
2021/06/26-17:04:46.843426 7ff8b7964700                  Options.bottommost_compression: Disabled
2021/06/26-17:04:46.843428 7ff8b7964700       Options.prefix_extractor: nullptr
2021/06/26-17:04:46.843449 7ff8b7964700   Options.memtable_insert_with_hint_prefix_extractor: nullptr
2021/06/26-17:04:46.843451 7ff8b7964700             Options.num_levels: 7
2021/06/26-17:04:46.843453 7ff8b7964700        Options.min_write_buffer_number_to_merge: 1
2021/06/26-17:04:46.843455 7ff8b7964700     Options.max_write_buffer_number_to_maintain: 0
2021/06/26-17:04:46.843457 7ff8b7964700     Options.max_write_buffer_size_to_maintain: 134217728
2021/06/26-17:04:46.843460 7ff8b7964700            Options.bottommost_compression_opts.window_bits: -14
2021/06/26-17:04:46.843462 7ff8b7964700                  Options.bottommost_compression_opts.level: 32767
2021/06/26-17:04:46.843464 7ff8b7964700               Options.bottommost_compression_opts.strategy: 0
2021/06/26-17:04:46.843466 7ff8b7964700         Options.bottommost_compression_opts.max_dict_bytes: 0
2021/06/26-17:04:46.843468 7ff8b7964700         Options.bottommost_compression_opts.zstd_max_train_bytes: 0
2021/06/26-17:04:46.843470 7ff8b7964700         Options.bottommost_compression_opts.parallel_threads: 1
2021/06/26-17:04:46.843472 7ff8b7964700                  Options.bottommost_compression_opts.enabled: false
2021/06/26-17:04:46.843474 7ff8b7964700            Options.compression_opts.window_bits: -14
2021/06/26-17:04:46.843476 7ff8b7964700                  Options.compression_opts.level: 32767
2021/06/26-17:04:46.843478 7ff8b7964700               Options.compression_opts.strategy: 0
2021/06/26-17:04:46.843480 7ff8b7964700         Options.compression_opts.max_dict_bytes: 0
2021/06/26-17:04:46.843482 7ff8b7964700         Options.compression_opts.zstd_max_train_bytes: 0
2021/06/26-17:04:46.843484 7ff8b7964700         Options.compression_opts.parallel_threads: 1
2021/06/26-17:04:46.843486 7ff8b7964700                  Options.compression_opts.enabled: false
2021/06/26-17:04:46.843488 7ff8b7964700      Options.level0_file_num_compaction_trigger: 4
2021/06/26-17:04:46.843491 7ff8b7964700          Options.level0_slowdown_writes_trigger: 20
2021/06/26-17:04:46.843493 7ff8b7964700              Options.level0_stop_writes_trigger: 36
2021/06/26-17:04:46.843495 7ff8b7964700                   Options.target_file_size_base: 67108864
2021/06/26-17:04:46.843497 7ff8b7964700             Options.target_file_size_multiplier: 1
2021/06/26-17:04:46.843499 7ff8b7964700                Options.max_bytes_for_level_base: 268435456
2021/06/26-17:04:46.843501 7ff8b7964700 Options.level_compaction_dynamic_level_bytes: 0
2021/06/26-17:04:46.843503 7ff8b7964700          Options.max_bytes_for_level_multiplier: 10,000000
2021/06/26-17:04:46.843507 7ff8b7964700 Options.max_bytes_for_level_multiplier_addtl[0]: 1
2021/06/26-17:04:46.843509 7ff8b7964700 Options.max_bytes_for_level_multiplier_addtl[1]: 1
2021/06/26-17:04:46.843511 7ff8b7964700 Options.max_bytes_for_level_multiplier_addtl[2]: 1
2021/06/26-17:04:46.843513 7ff8b7964700 Options.max_bytes_for_level_multiplier_addtl[3]: 1
2021/06/26-17:04:46.843516 7ff8b7964700 Options.max_bytes_for_level_multiplier_addtl[4]: 1
2021/06/26-17:04:46.843518 7ff8b7964700 Options.max_bytes_for_level_multiplier_addtl[5]: 1
2021/06/26-17:04:46.843520 7ff8b7964700 Options.max_bytes_for_level_multiplier_addtl[6]: 1
2021/06/26-17:04:46.843522 7ff8b7964700       Options.max_sequential_skip_in_iterations: 8
2021/06/26-17:04:46.843524 7ff8b7964700                    Options.max_compaction_bytes: 1677721600
2021/06/26-17:04:46.843526 7ff8b7964700                        Options.arena_block_size: 8388608
2021/06/26-17:04:46.843528 7ff8b7964700   Options.soft_pending_compaction_bytes_limit: 68719476736
2021/06/26-17:04:46.843530 7ff8b7964700   Options.hard_pending_compaction_bytes_limit: 274877906944
2021/06/26-17:04:46.843532 7ff8b7964700       Options.rate_limit_delay_max_milliseconds: 100
2021/06/26-17:04:46.843534 7ff8b7964700                Options.disable_auto_compactions: 1
2021/06/26-17:04:46.843537 7ff8b7964700                        Options.compaction_style: kCompactionStyleLevel
2021/06/26-17:04:46.843539 7ff8b7964700                          Options.compaction_pri: kMinOverlappingRatio
2021/06/26-17:04:46.843550 7ff8b7964700 Options.compaction_options_universal.size_ratio: 1
2021/06/26-17:04:46.843553 7ff8b7964700 Options.compaction_options_universal.min_merge_width: 2
2021/06/26-17:04:46.843555 7ff8b7964700 Options.compaction_options_universal.max_merge_width: 4294967295
2021/06/26-17:04:46.843557 7ff8b7964700 Options.compaction_options_universal.max_size_amplification_percent: 200
2021/06/26-17:04:46.843559 7ff8b7964700 Options.compaction_options_universal.compression_size_percent: -1
2021/06/26-17:04:46.843561 7ff8b7964700 Options.compaction_options_universal.stop_style: kCompactionStopStyleTotalSize
2021/06/26-17:04:46.843563 7ff8b7964700 Options.compaction_options_fifo.max_table_files_size: 1073741824
2021/06/26-17:04:46.843565 7ff8b7964700 Options.compaction_options_fifo.allow_compaction: 0
2021/06/26-17:04:46.843571 7ff8b7964700                   Options.table_properties_collectors: 
2021/06/26-17:04:46.843573 7ff8b7964700                   Options.inplace_update_support: 0
2021/06/26-17:04:46.843575 7ff8b7964700                 Options.inplace_update_num_locks: 10000
2021/06/26-17:04:46.843577 7ff8b7964700               Options.memtable_prefix_bloom_size_ratio: 0,000000
2021/06/26-17:04:46.843580 7ff8b7964700               Options.memtable_whole_key_filtering: 0
2021/06/26-17:04:46.843582 7ff8b7964700   Options.memtable_huge_page_size: 0
2021/06/26-17:04:46.843584 7ff8b7964700                           Options.bloom_locality: 0
2021/06/26-17:04:46.843586 7ff8b7964700                    Options.max_successive_merges: 0
2021/06/26-17:04:46.843588 7ff8b7964700                Options.optimize_filters_for_hits: 0
2021/06/26-17:04:46.843590 7ff8b7964700                Options.paranoid_file_checks: 0
2021/06/26-17:04:46.843592 7ff8b7964700                Options.force_consistency_checks: 1
2021/06/26-17:04:46.843594 7ff8b7964700                Options.report_bg_io_stats: 0
2021/06/26-17:04:46.843596 7ff8b7964700                               Options.ttl: 2592000
2021/06/26-17:04:46.843598 7ff8b7964700          Options.periodic_compaction_seconds: 0
2021/06/26-17:04:46.843600 7ff8b7964700                    Options.enable_blob_files: false
2021/06/26-17:04:46.843602 7ff8b7964700                        Options.min_blob_size: 0
2021/06/26-17:04:46.843604 7ff8b7964700                       Options.blob_file_size: 268435456
2021/06/26-17:04:46.843606 7ff8b7964700                Options.blob_compression_type: NoCompression
2021/06/26-17:04:46.843609 7ff8b7964700       Options.enable_blob_garbage_collection: false
2021/06/26-17:04:46.843611 7ff8b7964700   Options.blob_garbage_collection_age_cutoff: 0,250000
2021/06/26-17:04:46.843695 7ff8b7964700 [/column_family.cc:597] --------------- Options for column family []:
2021/06/26-17:04:46.843700 7ff8b7964700               Options.comparator: leveldb.BytewiseComparator
2021/06/26-17:04:46.843702 7ff8b7964700           Options.merge_operator: None
2021/06/26-17:04:46.843704 7ff8b7964700        Options.compaction_filter: None
2021/06/26-17:04:46.843706 7ff8b7964700        Options.compaction_filter_factory: None
2021/06/26-17:04:46.843708 7ff8b7964700  Options.sst_partitioner_factory: None
2021/06/26-17:04:46.843710 7ff8b7964700         Options.memtable_factory: SkipListFactory
2021/06/26-17:04:46.843712 7ff8b7964700            Options.table_factory: BlockBasedTable
2021/06/26-17:04:46.843755 7ff8b7964700            table_factory options:   flush_block_policy_factory: FlushBlockBySizePolicyFactory (0x7ff8b16b15f0)
  cache_index_and_filter_blocks: 0
  cache_index_and_filter_blocks_with_high_priority: 1
  pin_l0_filter_and_index_blocks_in_cache: 0
  pin_top_level_index_and_filter: 1
  index_type: 0
  data_block_index_type: 0
  index_shortening: 1
  data_block_hash_table_util_ratio: 0,750000
  hash_index_allow_collision: 1
  checksum: 1
  no_block_cache: 0
  block_cache: 0x7ff8b16b1630
  block_cache_name: LRUCache
  block_cache_options:
    capacity : 8388608
    num_shard_bits : 4
    strict_capacity_limit : 0
    memory_allocator : None
    high_pri_pool_ratio: 0,000
  block_cache_compressed: (nil)
  persistent_cache: (nil)
  block_size: 4096
  block_size_deviation: 10
  block_restart_interval: 16
  index_block_restart_interval: 1
  metadata_block_size: 4096
  partition_filters: 0
  use_delta_encoding: 1
  filter_policy: nullptr
  whole_key_filtering: 1
  verify_compression: 0
  read_amp_bytes_per_bit: 0
  format_version: 4
  enable_index_compression: 1
  block_align: 0
2021/06/26-17:04:46.843773 7ff8b7964700        Options.write_buffer_size: 67108864
2021/06/26-17:04:46.843775 7ff8b7964700  Options.max_write_buffer_number: 2
2021/06/26-17:04:46.843777 7ff8b7964700          Options.compression: Snappy
2021/06/26-17:04:46.843780 7ff8b7964700                  Options.bottommost_compression: Disabled
2021/06/26-17:04:46.843782 7ff8b7964700       Options.prefix_extractor: nullptr
2021/06/26-17:04:46.843784 7ff8b7964700   Options.memtable_insert_with_hint_prefix_extractor: nullptr
2021/06/26-17:04:46.843786 7ff8b7964700             Options.num_levels: 7
2021/06/26-17:04:46.843788 7ff8b7964700        Options.min_write_buffer_number_to_merge: 1
2021/06/26-17:04:46.843790 7ff8b7964700     Options.max_write_buffer_number_to_maintain: 0
2021/06/26-17:04:46.843792 7ff8b7964700     Options.max_write_buffer_size_to_maintain: 134217728
2021/06/26-17:04:46.843794 7ff8b7964700            Options.bottommost_compression_opts.window_bits: -14
2021/06/26-17:04:46.843796 7ff8b7964700                  Options.bottommost_compression_opts.level: 32767
2021/06/26-17:04:46.843798 7ff8b7964700               Options.bottommost_compression_opts.strategy: 0
2021/06/26-17:04:46.843800 7ff8b7964700         Options.bottommost_compression_opts.max_dict_bytes: 0
2021/06/26-17:04:46.843802 7ff8b7964700         Options.bottommost_compression_opts.zstd_max_train_bytes: 0
2021/06/26-17:04:46.843804 7ff8b7964700         Options.bottommost_compression_opts.parallel_threads: 1
2021/06/26-17:04:46.843806 7ff8b7964700                  Options.bottommost_compression_opts.enabled: false
2021/06/26-17:04:46.843808 7ff8b7964700            Options.compression_opts.window_bits: -14
2021/06/26-17:04:46.843811 7ff8b7964700                  Options.compression_opts.level: 32767
2021/06/26-17:04:46.843813 7ff8b7964700               Options.compression_opts.strategy: 0
2021/06/26-17:04:46.843814 7ff8b7964700         Options.compression_opts.max_dict_bytes: 0
2021/06/26-17:04:46.843816 7ff8b7964700         Options.compression_opts.zstd_max_train_bytes: 0
2021/06/26-17:04:46.843818 7ff8b7964700         Options.compression_opts.parallel_threads: 1
2021/06/26-17:04:46.843820 7ff8b7964700                  Options.compression_opts.enabled: false
2021/06/26-17:04:46.843823 7ff8b7964700      Options.level0_file_num_compaction_trigger: 4
2021/06/26-17:04:46.843825 7ff8b7964700          Options.level0_slowdown_writes_trigger: 20
2021/06/26-17:04:46.843827 7ff8b7964700              Options.level0_stop_writes_trigger: 36
2021/06/26-17:04:46.843829 7ff8b7964700                   Options.target_file_size_base: 67108864
2021/06/26-17:04:46.843831 7ff8b7964700             Options.target_file_size_multiplier: 1
2021/06/26-17:04:46.843833 7ff8b7964700                Options.max_bytes_for_level_base: 268435456
2021/06/26-17:04:46.843835 7ff8b7964700 Options.level_compaction_dynamic_level_bytes: 0
2021/06/26-17:04:46.843837 7ff8b7964700          Options.max_bytes_for_level_multiplier: 10,000000
2021/06/26-17:04:46.843841 7ff8b7964700 Options.max_bytes_for_level_multiplier_addtl[0]: 1
2021/06/26-17:04:46.843843 7ff8b7964700 Options.max_bytes_for_level_multiplier_addtl[1]: 1
2021/06/26-17:04:46.843845 7ff8b7964700 Options.max_bytes_for_level_multiplier_addtl[2]: 1
2021/06/26-17:04:46.843847 7ff8b7964700 Options.max_bytes_for_level_multiplier_addtl[3]: 1
2021/06/26-17:04:46.843849 7ff8b7964700 Options.max_bytes_for_level_multiplier_addtl[4]: 1
2021/06/26-17:04:46.843851 7ff8b7964700 Options.max_bytes_for_level_multiplier_addtl[5]: 1
2021/06/26-17:04:46.843853 7ff8b7964700 Options.max_bytes_for_level_multiplier_addtl[6]: 1
2021/06/26-17:04:46.843864 7ff8b7964700       Options.max_sequential_skip_in_iterations: 8
2021/06/26-17:04:46.843867 7ff8b7964700                    Options.max_compaction_bytes: 1677721600
2021/06/26-17:04:46.843869 7ff8b7964700                        Options.arena_block_size: 8388608
2021/06/26-17:04:46.843871 7ff8b7964700   Options.soft_pending_compaction_bytes_limit: 68719476736
2021/06/26-17:04:46.843873 7ff8b7964700   Options.hard_pending_compaction_bytes_limit: 274877906944
2021/06/26-17:04:46.843875 7ff8b7964700       Options.rate_limit_delay_max_milliseconds: 100
2021/06/26-17:04:46.843877 7ff8b7964700                Options.disable_auto_compactions: 1
2021/06/26-17:04:46.843880 7ff8b7964700                        Options.compaction_style: kCompactionStyleLevel
2021/06/26-17:04:46.843882 7ff8b7964700                          Options.compaction_pri: kMinOverlappingRatio
2021/06/26-17:04:46.843884 7ff8b7964700 Options.compaction_options_universal.size_ratio: 1
2021/06/26-17:04:46.843886 7ff8b7964700 Options.compaction_options_universal.min_merge_width: 2
2021/06/26-17:04:46.843888 7ff8b7964700 Options.compaction_options_universal.max_merge_width: 4294967295
2021/06/26-17:04:46.843890 7ff8b7964700 Options.compaction_options_universal.max_size_amplification_percent: 200
2021/06/26-17:04:46.843892 7ff8b7964700 Options.compaction_options_universal.compression_size_percent: -1
2021/06/26-17:04:46.843894 7ff8b7964700 Options.compaction_options_universal.stop_style: kCompactionStopStyleTotalSize
2021/06/26-17:04:46.843896 7ff8b7964700 Options.compaction_options_fifo.max_table_files_size: 1073741824
2021/06/26-17:04:46.843899 7ff8b7964700 Options.compaction_options_fifo.allow_compaction: 0
2021/06/26-17:04:46.843903 7ff8b7964700                   Options.table_properties_collectors: 
2021/06/26-17:04:46.843905 7ff8b7964700                   Options.inplace_update_support: 0
2021/06/26-17:04:46.843907 7ff8b7964700                 Options.inplace_update_num_locks: 10000
2021/06/26-17:04:46.843909 7ff8b7964700               Options.memtable_prefix_bloom_size_ratio: 0,000000
2021/06/26-17:04:46.843911 7ff8b7964700               Options.memtable_whole_key_filtering: 0
2021/06/26-17:04:46.843914 7ff8b7964700   Options.memtable_huge_page_size: 0
2021/06/26-17:04:46.843916 7ff8b7964700                           Options.bloom_locality: 0
2021/06/26-17:04:46.843918 7ff8b7964700                    Options.max_successive_merges: 0
2021/06/26-17:04:46.843920 7ff8b7964700                Options.optimize_filters_for_hits: 0
2021/06/26-17:04:46.843922 7ff8b7964700                Options.paranoid_file_checks: 0
2021/06/26-17:04:46.843924 7ff8b7964700                Options.force_consistency_checks: 1
2021/06/26-17:04:46.843926 7ff8b7964700                Options.report_bg_io_stats: 0
2021/06/26-17:04:46.843928 7ff8b7964700                               Options.ttl: 2592000
2021/06/26-17:04:46.843930 7ff8b7964700          Options.periodic_compaction_seconds: 0
2021/06/26-17:04:46.843932 7ff8b7964700                    Options.enable_blob_files: false
2021/06/26-17:04:46.843934 7ff8b7964700                        Options.min_blob_size: 0
2021/06/26-17:04:46.843936 7ff8b7964700                       Options.blob_file_size: 268435456
2021/06/26-17:04:46.843938 7ff8b7964700                Options.blob_compression_type: NoCompression
2021/06/26-17:04:46.843941 7ff8b7964700       Options.enable_blob_garbage_collection: false
2021/06/26-17:04:46.843943 7ff8b7964700   Options.blob_garbage_collection_age_cutoff: 0,250000
2021/06/26-17:04:46.844014 7ff8b7964700 [/column_family.cc:597] --------------- Options for column family []:
2021/06/26-17:04:46.844018 7ff8b7964700               Options.comparator: leveldb.BytewiseComparator
2021/06/26-17:04:46.844021 7ff8b7964700           Options.merge_operator: None
2021/06/26-17:04:46.844023 7ff8b7964700        Options.compaction_filter: None
2021/06/26-17:04:46.844025 7ff8b7964700        Options.compaction_filter_factory: None
2021/06/26-17:04:46.844027 7ff8b7964700  Options.sst_partitioner_factory: None
2021/06/26-17:04:46.844042 7ff8b7964700         Options.memtable_factory: SkipListFactory
2021/06/26-17:04:46.844045 7ff8b7964700            Options.table_factory: BlockBasedTable
2021/06/26-17:04:46.844082 7ff8b7964700            table_factory options:   flush_block_policy_factory: FlushBlockBySizePolicyFactory (0x7ff8b16b3610)
  cache_index_and_filter_blocks: 0
  cache_index_and_filter_blocks_with_high_priority: 1
  pin_l0_filter_and_index_blocks_in_cache: 0
  pin_top_level_index_and_filter: 1
  index_type: 0
  data_block_index_type: 0
  index_shortening: 1
  data_block_hash_table_util_ratio: 0,750000
  hash_index_allow_collision: 1
  checksum: 1
  no_block_cache: 0
  block_cache: 0x7ff8b16b3650
  block_cache_name: LRUCache
  block_cache_options:
    capacity : 8388608
    num_shard_bits : 4
    strict_capacity_limit : 0
    memory_allocator : None
    high_pri_pool_ratio: 0,000
  block_cache_compressed: (nil)
  persistent_cache: (nil)
  block_size: 4096
  block_size_deviation: 10
  block_restart_interval: 16
  index_block_restart_interval: 1
  metadata_block_size: 4096
  partition_filters: 0
  use_delta_encoding: 1
  filter_policy: nullptr
  whole_key_filtering: 1
  verify_compression: 0
  read_amp_bytes_per_bit: 0
  format_version: 4
  enable_index_compression: 1
  block_align: 0
2021/06/26-17:04:46.844085 7ff8b7964700        Options.write_buffer_size: 67108864
2021/06/26-17:04:46.844087 7ff8b7964700  Options.max_write_buffer_number: 2
2021/06/26-17:04:46.844090 7ff8b7964700          Options.compression: Snappy
2021/06/26-17:04:46.844092 7ff8b7964700                  Options.bottommost_compression: Disabled
2021/06/26-17:04:46.844094 7ff8b7964700       Options.prefix_extractor: nullptr
2021/06/26-17:04:46.844096 7ff8b7964700   Options.memtable_insert_with_hint_prefix_extractor: nullptr
2021/06/26-17:04:46.844098 7ff8b7964700             Options.num_levels: 7
2021/06/26-17:04:46.844100 7ff8b7964700        Options.min_write_buffer_number_to_merge: 1
2021/06/26-17:04:46.844102 7ff8b7964700     Options.max_write_buffer_number_to_maintain: 0
2021/06/26-17:04:46.844104 7ff8b7964700     Options.max_write_buffer_size_to_maintain: 134217728
2021/06/26-17:04:46.844106 7ff8b7964700            Options.bottommost_compression_opts.window_bits: -14
2021/06/26-17:04:46.844109 7ff8b7964700                  Options.bottommost_compression_opts.level: 32767
2021/06/26-17:04:46.844111 7ff8b7964700               Options.bottommost_compression_opts.strategy: 0
2021/06/26-17:04:46.844113 7ff8b7964700         Options.bottommost_compression_opts.max_dict_bytes: 0
2021/06/26-17:04:46.844115 7ff8b7964700         Options.bottommost_compression_opts.zstd_max_train_bytes: 0
2021/06/26-17:04:46.844117 7ff8b7964700         Options.bottommost_compression_opts.parallel_threads: 1
2021/06/26-17:04:46.844119 7ff8b7964700                  Options.bottommost_compression_opts.enabled: false
2021/06/26-17:04:46.844121 7ff8b7964700            Options.compression_opts.window_bits: -14
