2021/06/27-09:38:20.429044 7f879e719700 RocksDB version: 6.15.2
2021/06/27-09:38:20.429087 7f879e719700 Git sha rocksdb_build_git_sha:
2021/06/27-09:38:20.429090 7f879e719700 Compile date Jan  4 2021
2021/06/27-09:38:20.429163 7f879e719700 DB SUMMARY
2021/06/27-09:38:20.429165 7f879e719700 DB Session ID:  VUG3PKDUII7Y19DHLX00
2021/06/27-09:38:20.429214 7f879e719700 CURRENT file:  CURRENT
2021/06/27-09:38:20.429216 7f879e719700 IDENTITY file:  IDENTITY
2021/06/27-09:38:20.429221 7f879e719700 MANIFEST file:  MANIFEST-000039 size: 876 Bytes
2021/06/27-09:38:20.429223 7f879e719700 SST files in /home/javier/besu-21.1.7/IBFT-Network/Node-2/data/database dir, Total Num: 2, files: 000037.sst 000038.sst 
2021/06/27-09:38:20.429225 7f879e719700 Write Ahead Log file in /home/javier/besu-21.1.7/IBFT-Network/Node-2/data/database: 000004.log size: 1166367 ; 000040.log size: 4925216 ; 
2021/06/27-09:38:20.429228 7f879e719700                         Options.error_if_exists: 0
2021/06/27-09:38:20.429229 7f879e719700                       Options.create_if_missing: 1
2021/06/27-09:38:20.429230 7f879e719700                         Options.paranoid_checks: 1
2021/06/27-09:38:20.429231 7f879e719700                               Options.track_and_verify_wals_in_manifest: 0
2021/06/27-09:38:20.429232 7f879e719700                                     Options.env: 0x7f871db923c0
2021/06/27-09:38:20.429234 7f879e719700                                      Options.fs: Posix File System
2021/06/27-09:38:20.429235 7f879e719700                                Options.info_log: 0x7f8795862f90
2021/06/27-09:38:20.429236 7f879e719700                Options.max_file_opening_threads: 16
2021/06/27-09:38:20.429237 7f879e719700                              Options.statistics: 0x7f87957f0130
2021/06/27-09:38:20.429238 7f879e719700                               Options.use_fsync: 0
2021/06/27-09:38:20.429239 7f879e719700                       Options.max_log_file_size: 0
2021/06/27-09:38:20.429240 7f879e719700                  Options.max_manifest_file_size: 1073741824
2021/06/27-09:38:20.429241 7f879e719700                   Options.log_file_time_to_roll: 0
2021/06/27-09:38:20.429242 7f879e719700                       Options.keep_log_file_num: 1000
2021/06/27-09:38:20.429243 7f879e719700                    Options.recycle_log_file_num: 0
2021/06/27-09:38:20.429244 7f879e719700                         Options.allow_fallocate: 1
2021/06/27-09:38:20.429245 7f879e719700                        Options.allow_mmap_reads: 0
2021/06/27-09:38:20.429245 7f879e719700                       Options.allow_mmap_writes: 0
2021/06/27-09:38:20.429246 7f879e719700                        Options.use_direct_reads: 0
2021/06/27-09:38:20.429247 7f879e719700                        Options.use_direct_io_for_flush_and_compaction: 0
2021/06/27-09:38:20.429248 7f879e719700          Options.create_missing_column_families: 1
2021/06/27-09:38:20.429249 7f879e719700                              Options.db_log_dir: 
2021/06/27-09:38:20.429250 7f879e719700                                 Options.wal_dir: /home/javier/besu-21.1.7/IBFT-Network/Node-2/data/database
2021/06/27-09:38:20.429251 7f879e719700                Options.table_cache_numshardbits: 6
2021/06/27-09:38:20.429252 7f879e719700                         Options.WAL_ttl_seconds: 0
2021/06/27-09:38:20.429253 7f879e719700                       Options.WAL_size_limit_MB: 0
2021/06/27-09:38:20.429254 7f879e719700                        Options.max_write_batch_group_size_bytes: 1048576
2021/06/27-09:38:20.429255 7f879e719700             Options.manifest_preallocation_size: 4194304
2021/06/27-09:38:20.429256 7f879e719700                     Options.is_fd_close_on_exec: 1
2021/06/27-09:38:20.429257 7f879e719700                   Options.advise_random_on_open: 1
2021/06/27-09:38:20.429259 7f879e719700                    Options.db_write_buffer_size: 0
2021/06/27-09:38:20.429260 7f879e719700                    Options.write_buffer_manager: 0x7f8795862bc0
2021/06/27-09:38:20.429262 7f879e719700         Options.access_hint_on_compaction_start: 1
2021/06/27-09:38:20.429263 7f879e719700  Options.new_table_reader_for_compaction_inputs: 0
2021/06/27-09:38:20.429278 7f879e719700           Options.random_access_max_buffer_size: 1048576
2021/06/27-09:38:20.429280 7f879e719700                      Options.use_adaptive_mutex: 0
2021/06/27-09:38:20.429281 7f879e719700                            Options.rate_limiter: (nil)
2021/06/27-09:38:20.429285 7f879e719700     Options.sst_file_manager.rate_bytes_per_sec: 0
2021/06/27-09:38:20.429287 7f879e719700                       Options.wal_recovery_mode: 2
2021/06/27-09:38:20.429288 7f879e719700                  Options.enable_thread_tracking: 0
2021/06/27-09:38:20.429290 7f879e719700                  Options.enable_pipelined_write: 0
2021/06/27-09:38:20.429291 7f879e719700                  Options.unordered_write: 0
2021/06/27-09:38:20.429292 7f879e719700         Options.allow_concurrent_memtable_write: 1
2021/06/27-09:38:20.429293 7f879e719700      Options.enable_write_thread_adaptive_yield: 1
2021/06/27-09:38:20.429295 7f879e719700             Options.write_thread_max_yield_usec: 100
2021/06/27-09:38:20.429296 7f879e719700            Options.write_thread_slow_yield_usec: 3
2021/06/27-09:38:20.429298 7f879e719700                               Options.row_cache: None
2021/06/27-09:38:20.429299 7f879e719700                              Options.wal_filter: None
2021/06/27-09:38:20.429301 7f879e719700             Options.avoid_flush_during_recovery: 0
2021/06/27-09:38:20.429302 7f879e719700             Options.allow_ingest_behind: 0
2021/06/27-09:38:20.429304 7f879e719700             Options.preserve_deletes: 0
2021/06/27-09:38:20.429306 7f879e719700             Options.two_write_queues: 0
2021/06/27-09:38:20.429307 7f879e719700             Options.manual_wal_flush: 0
2021/06/27-09:38:20.429308 7f879e719700             Options.atomic_flush: 0
2021/06/27-09:38:20.429309 7f879e719700             Options.avoid_unnecessary_blocking_io: 0
2021/06/27-09:38:20.429311 7f879e719700                 Options.persist_stats_to_disk: 0
2021/06/27-09:38:20.429312 7f879e719700                 Options.write_dbid_to_manifest: 0
2021/06/27-09:38:20.429313 7f879e719700                 Options.log_readahead_size: 0
2021/06/27-09:38:20.429315 7f879e719700                 Options.file_checksum_gen_factory: Unknown
2021/06/27-09:38:20.429316 7f879e719700                 Options.best_efforts_recovery: 0
2021/06/27-09:38:20.429317 7f879e719700                Options.max_bgerror_resume_count: 2147483647
2021/06/27-09:38:20.429319 7f879e719700            Options.bgerror_resume_retry_interval: 1000000
2021/06/27-09:38:20.429320 7f879e719700             Options.allow_data_in_errors: 0
2021/06/27-09:38:20.429322 7f879e719700             Options.db_host_id: __hostname__
2021/06/27-09:38:20.429324 7f879e719700             Options.max_background_jobs: 2
2021/06/27-09:38:20.429326 7f879e719700             Options.max_background_compactions: 4
2021/06/27-09:38:20.429327 7f879e719700             Options.max_subcompactions: 1
2021/06/27-09:38:20.429328 7f879e719700             Options.avoid_flush_during_shutdown: 0
2021/06/27-09:38:20.429329 7f879e719700           Options.writable_file_max_buffer_size: 1048576
2021/06/27-09:38:20.429331 7f879e719700             Options.delayed_write_rate : 16777216
2021/06/27-09:38:20.429333 7f879e719700             Options.max_total_wal_size: 0
2021/06/27-09:38:20.429334 7f879e719700             Options.delete_obsolete_files_period_micros: 21600000000
2021/06/27-09:38:20.429336 7f879e719700                   Options.stats_dump_period_sec: 600
2021/06/27-09:38:20.429338 7f879e719700                 Options.stats_persist_period_sec: 600
2021/06/27-09:38:20.429339 7f879e719700                 Options.stats_history_buffer_size: 1048576
2021/06/27-09:38:20.429341 7f879e719700                          Options.max_open_files: 1024
2021/06/27-09:38:20.429342 7f879e719700                          Options.bytes_per_sync: 0
2021/06/27-09:38:20.429344 7f879e719700                      Options.wal_bytes_per_sync: 0
2021/06/27-09:38:20.429345 7f879e719700                   Options.strict_bytes_per_sync: 0
2021/06/27-09:38:20.429347 7f879e719700       Options.compaction_readahead_size: 0
2021/06/27-09:38:20.429359 7f879e719700                  Options.max_background_flushes: -1
2021/06/27-09:38:20.429361 7f879e719700 Compression algorithms supported:
2021/06/27-09:38:20.429363 7f879e719700 	kZSTDNotFinalCompression supported: 1
2021/06/27-09:38:20.429370 7f879e719700 	kZSTD supported: 1
2021/06/27-09:38:20.429372 7f879e719700 	kXpressCompression supported: 0
2021/06/27-09:38:20.429373 7f879e719700 	kLZ4HCCompression supported: 1
2021/06/27-09:38:20.429374 7f879e719700 	kLZ4Compression supported: 1
2021/06/27-09:38:20.429375 7f879e719700 	kBZip2Compression supported: 1
2021/06/27-09:38:20.429376 7f879e719700 	kZlibCompression supported: 1
2021/06/27-09:38:20.429377 7f879e719700 	kSnappyCompression supported: 1
2021/06/27-09:38:20.429381 7f879e719700 Fast CRC32 supported: Not supported on x86
2021/06/27-09:38:20.429481 7f879e719700 [/version_set.cc:4725] Recovering from manifest file: /home/javier/besu-21.1.7/IBFT-Network/Node-2/data/database/MANIFEST-000039
2021/06/27-09:38:20.429654 7f879e719700 [/column_family.cc:597] --------------- Options for column family [default]:
2021/06/27-09:38:20.429657 7f879e719700               Options.comparator: leveldb.BytewiseComparator
2021/06/27-09:38:20.429658 7f879e719700           Options.merge_operator: None
2021/06/27-09:38:20.429659 7f879e719700        Options.compaction_filter: None
2021/06/27-09:38:20.429660 7f879e719700        Options.compaction_filter_factory: None
2021/06/27-09:38:20.429661 7f879e719700  Options.sst_partitioner_factory: None
2021/06/27-09:38:20.429662 7f879e719700         Options.memtable_factory: SkipListFactory
2021/06/27-09:38:20.429663 7f879e719700            Options.table_factory: BlockBasedTable
2021/06/27-09:38:20.429691 7f879e719700            table_factory options:   flush_block_policy_factory: FlushBlockBySizePolicyFactory (0x7f87957fad20)
  cache_index_and_filter_blocks: 0
  cache_index_and_filter_blocks_with_high_priority: 1
  pin_l0_filter_and_index_blocks_in_cache: 0
  pin_top_level_index_and_filter: 1
  index_type: 0
  data_block_index_type: 0
  index_shortening: 1
  data_block_hash_table_util_ratio: 0,750000
  hash_index_allow_collision: 1
  checksum: 1
  no_block_cache: 0
  block_cache: 0x7f87957f8940
  block_cache_name: LRUCache
  block_cache_options:
    capacity : 8388608
    num_shard_bits : 4
    strict_capacity_limit : 0
    memory_allocator : None
    high_pri_pool_ratio: 0,000
  block_cache_compressed: (nil)
  persistent_cache: (nil)
  block_size: 4096
  block_size_deviation: 10
  block_restart_interval: 16
  index_block_restart_interval: 1
  metadata_block_size: 4096
  partition_filters: 0
  use_delta_encoding: 1
  filter_policy: nullptr
  whole_key_filtering: 1
  verify_compression: 0
  read_amp_bytes_per_bit: 0
  format_version: 4
  enable_index_compression: 1
  block_align: 0
2021/06/27-09:38:20.429693 7f879e719700        Options.write_buffer_size: 67108864
2021/06/27-09:38:20.429694 7f879e719700  Options.max_write_buffer_number: 2
2021/06/27-09:38:20.429695 7f879e719700          Options.compression: Snappy
2021/06/27-09:38:20.429696 7f879e719700                  Options.bottommost_compression: Disabled
2021/06/27-09:38:20.429697 7f879e719700       Options.prefix_extractor: nullptr
2021/06/27-09:38:20.429698 7f879e719700   Options.memtable_insert_with_hint_prefix_extractor: nullptr
2021/06/27-09:38:20.429699 7f879e719700             Options.num_levels: 7
2021/06/27-09:38:20.429700 7f879e719700        Options.min_write_buffer_number_to_merge: 1
2021/06/27-09:38:20.429701 7f879e719700     Options.max_write_buffer_number_to_maintain: 0
2021/06/27-09:38:20.429702 7f879e719700     Options.max_write_buffer_size_to_maintain: 134217728
2021/06/27-09:38:20.429703 7f879e719700            Options.bottommost_compression_opts.window_bits: -14
2021/06/27-09:38:20.429704 7f879e719700                  Options.bottommost_compression_opts.level: 32767
2021/06/27-09:38:20.429705 7f879e719700               Options.bottommost_compression_opts.strategy: 0
2021/06/27-09:38:20.429714 7f879e719700         Options.bottommost_compression_opts.max_dict_bytes: 0
2021/06/27-09:38:20.429716 7f879e719700         Options.bottommost_compression_opts.zstd_max_train_bytes: 0
2021/06/27-09:38:20.429717 7f879e719700         Options.bottommost_compression_opts.parallel_threads: 1
2021/06/27-09:38:20.429718 7f879e719700                  Options.bottommost_compression_opts.enabled: false
2021/06/27-09:38:20.429719 7f879e719700            Options.compression_opts.window_bits: -14
2021/06/27-09:38:20.429720 7f879e719700                  Options.compression_opts.level: 32767
2021/06/27-09:38:20.429720 7f879e719700               Options.compression_opts.strategy: 0
2021/06/27-09:38:20.429721 7f879e719700         Options.compression_opts.max_dict_bytes: 0
2021/06/27-09:38:20.429722 7f879e719700         Options.compression_opts.zstd_max_train_bytes: 0
2021/06/27-09:38:20.429723 7f879e719700         Options.compression_opts.parallel_threads: 1
2021/06/27-09:38:20.429724 7f879e719700                  Options.compression_opts.enabled: false
2021/06/27-09:38:20.429725 7f879e719700      Options.level0_file_num_compaction_trigger: 4
2021/06/27-09:38:20.429726 7f879e719700          Options.level0_slowdown_writes_trigger: 20
2021/06/27-09:38:20.429727 7f879e719700              Options.level0_stop_writes_trigger: 36
2021/06/27-09:38:20.429728 7f879e719700                   Options.target_file_size_base: 67108864
2021/06/27-09:38:20.429729 7f879e719700             Options.target_file_size_multiplier: 1
2021/06/27-09:38:20.429730 7f879e719700                Options.max_bytes_for_level_base: 268435456
2021/06/27-09:38:20.429731 7f879e719700 Options.level_compaction_dynamic_level_bytes: 0
2021/06/27-09:38:20.429732 7f879e719700          Options.max_bytes_for_level_multiplier: 10,000000
2021/06/27-09:38:20.429734 7f879e719700 Options.max_bytes_for_level_multiplier_addtl[0]: 1
2021/06/27-09:38:20.429735 7f879e719700 Options.max_bytes_for_level_multiplier_addtl[1]: 1
2021/06/27-09:38:20.429736 7f879e719700 Options.max_bytes_for_level_multiplier_addtl[2]: 1
2021/06/27-09:38:20.429737 7f879e719700 Options.max_bytes_for_level_multiplier_addtl[3]: 1
2021/06/27-09:38:20.429738 7f879e719700 Options.max_bytes_for_level_multiplier_addtl[4]: 1
2021/06/27-09:38:20.429739 7f879e719700 Options.max_bytes_for_level_multiplier_addtl[5]: 1
2021/06/27-09:38:20.429740 7f879e719700 Options.max_bytes_for_level_multiplier_addtl[6]: 1
2021/06/27-09:38:20.429741 7f879e719700       Options.max_sequential_skip_in_iterations: 8
2021/06/27-09:38:20.429742 7f879e719700                    Options.max_compaction_bytes: 1677721600
2021/06/27-09:38:20.429743 7f879e719700                        Options.arena_block_size: 8388608
2021/06/27-09:38:20.429744 7f879e719700   Options.soft_pending_compaction_bytes_limit: 68719476736
2021/06/27-09:38:20.429745 7f879e719700   Options.hard_pending_compaction_bytes_limit: 274877906944
2021/06/27-09:38:20.429746 7f879e719700       Options.rate_limit_delay_max_milliseconds: 100
2021/06/27-09:38:20.429747 7f879e719700                Options.disable_auto_compactions: 1
2021/06/27-09:38:20.429749 7f879e719700                        Options.compaction_style: kCompactionStyleLevel
2021/06/27-09:38:20.429750 7f879e719700                          Options.compaction_pri: kMinOverlappingRatio
2021/06/27-09:38:20.429751 7f879e719700 Options.compaction_options_universal.size_ratio: 1
2021/06/27-09:38:20.429752 7f879e719700 Options.compaction_options_universal.min_merge_width: 2
2021/06/27-09:38:20.429753 7f879e719700 Options.compaction_options_universal.max_merge_width: 4294967295
2021/06/27-09:38:20.429754 7f879e719700 Options.compaction_options_universal.max_size_amplification_percent: 200
2021/06/27-09:38:20.429755 7f879e719700 Options.compaction_options_universal.compression_size_percent: -1
2021/06/27-09:38:20.429756 7f879e719700 Options.compaction_options_universal.stop_style: kCompactionStopStyleTotalSize
2021/06/27-09:38:20.429757 7f879e719700 Options.compaction_options_fifo.max_table_files_size: 1073741824
2021/06/27-09:38:20.429758 7f879e719700 Options.compaction_options_fifo.allow_compaction: 0
2021/06/27-09:38:20.429766 7f879e719700                   Options.table_properties_collectors: 
2021/06/27-09:38:20.429767 7f879e719700                   Options.inplace_update_support: 0
2021/06/27-09:38:20.429768 7f879e719700                 Options.inplace_update_num_locks: 10000
2021/06/27-09:38:20.429769 7f879e719700               Options.memtable_prefix_bloom_size_ratio: 0,000000
2021/06/27-09:38:20.429770 7f879e719700               Options.memtable_whole_key_filtering: 0
2021/06/27-09:38:20.429771 7f879e719700   Options.memtable_huge_page_size: 0
2021/06/27-09:38:20.429772 7f879e719700                           Options.bloom_locality: 0
2021/06/27-09:38:20.429773 7f879e719700                    Options.max_successive_merges: 0
2021/06/27-09:38:20.429774 7f879e719700                Options.optimize_filters_for_hits: 0
2021/06/27-09:38:20.429775 7f879e719700                Options.paranoid_file_checks: 0
2021/06/27-09:38:20.429776 7f879e719700                Options.force_consistency_checks: 1
2021/06/27-09:38:20.429777 7f879e719700                Options.report_bg_io_stats: 0
2021/06/27-09:38:20.429778 7f879e719700                               Options.ttl: 2592000
2021/06/27-09:38:20.429779 7f879e719700          Options.periodic_compaction_seconds: 0
2021/06/27-09:38:20.429780 7f879e719700                    Options.enable_blob_files: false
2021/06/27-09:38:20.429780 7f879e719700                        Options.min_blob_size: 0
2021/06/27-09:38:20.429781 7f879e719700                       Options.blob_file_size: 268435456
2021/06/27-09:38:20.429782 7f879e719700                Options.blob_compression_type: NoCompression
2021/06/27-09:38:20.429784 7f879e719700       Options.enable_blob_garbage_collection: false
2021/06/27-09:38:20.429785 7f879e719700   Options.blob_garbage_collection_age_cutoff: 0,250000
2021/06/27-09:38:20.430292 7f879e719700 [/column_family.cc:597] --------------- Options for column family []:
2021/06/27-09:38:20.430297 7f879e719700               Options.comparator: leveldb.BytewiseComparator
2021/06/27-09:38:20.430299 7f879e719700           Options.merge_operator: None
2021/06/27-09:38:20.430300 7f879e719700        Options.compaction_filter: None
2021/06/27-09:38:20.430301 7f879e719700        Options.compaction_filter_factory: None
2021/06/27-09:38:20.430302 7f879e719700  Options.sst_partitioner_factory: None
2021/06/27-09:38:20.430303 7f879e719700         Options.memtable_factory: SkipListFactory
2021/06/27-09:38:20.430304 7f879e719700            Options.table_factory: BlockBasedTable
2021/06/27-09:38:20.430329 7f879e719700            table_factory options:   flush_block_policy_factory: FlushBlockBySizePolicyFactory (0x7f87957e3630)
  cache_index_and_filter_blocks: 0
  cache_index_and_filter_blocks_with_high_priority: 1
  pin_l0_filter_and_index_blocks_in_cache: 0
  pin_top_level_index_and_filter: 1
  index_type: 0
  data_block_index_type: 0
  index_shortening: 1
  data_block_hash_table_util_ratio: 0,750000
  hash_index_allow_collision: 1
  checksum: 1
  no_block_cache: 0
  block_cache: 0x7f87957e3670
  block_cache_name: LRUCache
  block_cache_options:
    capacity : 8388608
    num_shard_bits : 4
    strict_capacity_limit : 0
    memory_allocator : None
    high_pri_pool_ratio: 0,000
  block_cache_compressed: (nil)
  persistent_cache: (nil)
  block_size: 4096
  block_size_deviation: 10
  block_restart_interval: 16
  index_block_restart_interval: 1
  metadata_block_size: 4096
  partition_filters: 0
  use_delta_encoding: 1
  filter_policy: nullptr
  whole_key_filtering: 1
  verify_compression: 0
  read_amp_bytes_per_bit: 0
  format_version: 4
  enable_index_compression: 1
  block_align: 0
2021/06/27-09:38:20.430331 7f879e719700        Options.write_buffer_size: 67108864
2021/06/27-09:38:20.430332 7f879e719700  Options.max_write_buffer_number: 2
2021/06/27-09:38:20.430333 7f879e719700          Options.compression: Snappy
2021/06/27-09:38:20.430334 7f879e719700                  Options.bottommost_compression: Disabled
2021/06/27-09:38:20.430346 7f879e719700       Options.prefix_extractor: nullptr
2021/06/27-09:38:20.430347 7f879e719700   Options.memtable_insert_with_hint_prefix_extractor: nullptr
2021/06/27-09:38:20.430348 7f879e719700             Options.num_levels: 7
2021/06/27-09:38:20.430349 7f879e719700        Options.min_write_buffer_number_to_merge: 1
2021/06/27-09:38:20.430350 7f879e719700     Options.max_write_buffer_number_to_maintain: 0
2021/06/27-09:38:20.430351 7f879e719700     Options.max_write_buffer_size_to_maintain: 134217728
2021/06/27-09:38:20.430352 7f879e719700            Options.bottommost_compression_opts.window_bits: -14
2021/06/27-09:38:20.430353 7f879e719700                  Options.bottommost_compression_opts.level: 32767
2021/06/27-09:38:20.430354 7f879e719700               Options.bottommost_compression_opts.strategy: 0
2021/06/27-09:38:20.430355 7f879e719700         Options.bottommost_compression_opts.max_dict_bytes: 0
2021/06/27-09:38:20.430356 7f879e719700         Options.bottommost_compression_opts.zstd_max_train_bytes: 0
2021/06/27-09:38:20.430357 7f879e719700         Options.bottommost_compression_opts.parallel_threads: 1
2021/06/27-09:38:20.430358 7f879e719700                  Options.bottommost_compression_opts.enabled: false
2021/06/27-09:38:20.430359 7f879e719700            Options.compression_opts.window_bits: -14
2021/06/27-09:38:20.430360 7f879e719700                  Options.compression_opts.level: 32767
2021/06/27-09:38:20.430361 7f879e719700               Options.compression_opts.strategy: 0
2021/06/27-09:38:20.430362 7f879e719700         Options.compression_opts.max_dict_bytes: 0
2021/06/27-09:38:20.430363 7f879e719700         Options.compression_opts.zstd_max_train_bytes: 0
2021/06/27-09:38:20.430364 7f879e719700         Options.compression_opts.parallel_threads: 1
2021/06/27-09:38:20.430365 7f879e719700                  Options.compression_opts.enabled: false
2021/06/27-09:38:20.430365 7f879e719700      Options.level0_file_num_compaction_trigger: 4
2021/06/27-09:38:20.430366 7f879e719700          Options.level0_slowdown_writes_trigger: 20
2021/06/27-09:38:20.430367 7f879e719700              Options.level0_stop_writes_trigger: 36
2021/06/27-09:38:20.430368 7f879e719700                   Options.target_file_size_base: 67108864
2021/06/27-09:38:20.430369 7f879e719700             Options.target_file_size_multiplier: 1
2021/06/27-09:38:20.430370 7f879e719700                Options.max_bytes_for_level_base: 268435456
2021/06/27-09:38:20.430371 7f879e719700 Options.level_compaction_dynamic_level_bytes: 0
2021/06/27-09:38:20.430372 7f879e719700          Options.max_bytes_for_level_multiplier: 10,000000
2021/06/27-09:38:20.430374 7f879e719700 Options.max_bytes_for_level_multiplier_addtl[0]: 1
2021/06/27-09:38:20.430375 7f879e719700 Options.max_bytes_for_level_multiplier_addtl[1]: 1
2021/06/27-09:38:20.430376 7f879e719700 Options.max_bytes_for_level_multiplier_addtl[2]: 1
2021/06/27-09:38:20.430377 7f879e719700 Options.max_bytes_for_level_multiplier_addtl[3]: 1
2021/06/27-09:38:20.430378 7f879e719700 Options.max_bytes_for_level_multiplier_addtl[4]: 1
2021/06/27-09:38:20.430379 7f879e719700 Options.max_bytes_for_level_multiplier_addtl[5]: 1
2021/06/27-09:38:20.430380 7f879e719700 Options.max_bytes_for_level_multiplier_addtl[6]: 1
2021/06/27-09:38:20.430381 7f879e719700       Options.max_sequential_skip_in_iterations: 8
2021/06/27-09:38:20.430382 7f879e719700                    Options.max_compaction_bytes: 1677721600
2021/06/27-09:38:20.430383 7f879e719700                        Options.arena_block_size: 8388608
2021/06/27-09:38:20.430384 7f879e719700   Options.soft_pending_compaction_bytes_limit: 68719476736
2021/06/27-09:38:20.430385 7f879e719700   Options.hard_pending_compaction_bytes_limit: 274877906944
2021/06/27-09:38:20.430386 7f879e719700       Options.rate_limit_delay_max_milliseconds: 100
2021/06/27-09:38:20.430387 7f879e719700                Options.disable_auto_compactions: 1
2021/06/27-09:38:20.430388 7f879e719700                        Options.compaction_style: kCompactionStyleLevel
2021/06/27-09:38:20.430394 7f879e719700                          Options.compaction_pri: kMinOverlappingRatio
2021/06/27-09:38:20.430395 7f879e719700 Options.compaction_options_universal.size_ratio: 1
2021/06/27-09:38:20.430396 7f879e719700 Options.compaction_options_universal.min_merge_width: 2
2021/06/27-09:38:20.430397 7f879e719700 Options.compaction_options_universal.max_merge_width: 4294967295
2021/06/27-09:38:20.430398 7f879e719700 Options.compaction_options_universal.max_size_amplification_percent: 200
2021/06/27-09:38:20.430399 7f879e719700 Options.compaction_options_universal.compression_size_percent: -1
2021/06/27-09:38:20.430400 7f879e719700 Options.compaction_options_universal.stop_style: kCompactionStopStyleTotalSize
2021/06/27-09:38:20.430401 7f879e719700 Options.compaction_options_fifo.max_table_files_size: 1073741824
2021/06/27-09:38:20.430402 7f879e719700 Options.compaction_options_fifo.allow_compaction: 0
2021/06/27-09:38:20.430406 7f879e719700                   Options.table_properties_collectors: 
2021/06/27-09:38:20.430407 7f879e719700                   Options.inplace_update_support: 0
2021/06/27-09:38:20.430408 7f879e719700                 Options.inplace_update_num_locks: 10000
2021/06/27-09:38:20.430409 7f879e719700               Options.memtable_prefix_bloom_size_ratio: 0,000000
2021/06/27-09:38:20.430410 7f879e719700               Options.memtable_whole_key_filtering: 0
2021/06/27-09:38:20.430411 7f879e719700   Options.memtable_huge_page_size: 0
2021/06/27-09:38:20.430412 7f879e719700                           Options.bloom_locality: 0
2021/06/27-09:38:20.430413 7f879e719700                    Options.max_successive_merges: 0
2021/06/27-09:38:20.430414 7f879e719700                Options.optimize_filters_for_hits: 0
2021/06/27-09:38:20.430415 7f879e719700                Options.paranoid_file_checks: 0
2021/06/27-09:38:20.430416 7f879e719700                Options.force_consistency_checks: 1
2021/06/27-09:38:20.430417 7f879e719700                Options.report_bg_io_stats: 0
2021/06/27-09:38:20.430418 7f879e719700                               Options.ttl: 2592000
2021/06/27-09:38:20.430418 7f879e719700          Options.periodic_compaction_seconds: 0
2021/06/27-09:38:20.430419 7f879e719700                    Options.enable_blob_files: false
2021/06/27-09:38:20.430420 7f879e719700                        Options.min_blob_size: 0
2021/06/27-09:38:20.430421 7f879e719700                       Options.blob_file_size: 268435456
2021/06/27-09:38:20.430422 7f879e719700                Options.blob_compression_type: NoCompression
2021/06/27-09:38:20.430423 7f879e719700       Options.enable_blob_garbage_collection: false
2021/06/27-09:38:20.430424 7f879e719700   Options.blob_garbage_collection_age_cutoff: 0,250000
2021/06/27-09:38:20.430468 7f879e719700 [/column_family.cc:597] --------------- Options for column family []:
2021/06/27-09:38:20.430470 7f879e719700               Options.comparator: leveldb.BytewiseComparator
2021/06/27-09:38:20.430471 7f879e719700           Options.merge_operator: None
2021/06/27-09:38:20.430472 7f879e719700        Options.compaction_filter: None
2021/06/27-09:38:20.430473 7f879e719700        Options.compaction_filter_factory: None
2021/06/27-09:38:20.430474 7f879e719700  Options.sst_partitioner_factory: None
2021/06/27-09:38:20.430475 7f879e719700         Options.memtable_factory: SkipListFactory
2021/06/27-09:38:20.430476 7f879e719700            Options.table_factory: BlockBasedTable
2021/06/27-09:38:20.430498 7f879e719700            table_factory options:   flush_block_policy_factory: FlushBlockBySizePolicyFactory (0x7f87957e55c0)
  cache_index_and_filter_blocks: 0
  cache_index_and_filter_blocks_with_high_priority: 1
  pin_l0_filter_and_index_blocks_in_cache: 0
  pin_top_level_index_and_filter: 1
  index_type: 0
  data_block_index_type: 0
  index_shortening: 1
  data_block_hash_table_util_ratio: 0,750000
  hash_index_allow_collision: 1
  checksum: 1
  no_block_cache: 0
  block_cache: 0x7f87957e5600
  block_cache_name: LRUCache
  block_cache_options:
    capacity : 8388608
    num_shard_bits : 4
    strict_capacity_limit : 0
    memory_allocator : None
    high_pri_pool_ratio: 0,000
  block_cache_compressed: (nil)
  persistent_cache: (nil)
  block_size: 4096
  block_size_deviation: 10
  block_restart_interval: 16
  index_block_restart_interval: 1
  metadata_block_size: 4096
  partition_filters: 0
  use_delta_encoding: 1
  filter_policy: nullptr
  whole_key_filtering: 1
  verify_compression: 0
  read_amp_bytes_per_bit: 0
  format_version: 4
  enable_index_compression: 1
  block_align: 0
2021/06/27-09:38:20.430507 7f879e719700        Options.write_buffer_size: 67108864
2021/06/27-09:38:20.430508 7f879e719700  Options.max_write_buffer_number: 2
2021/06/27-09:38:20.430509 7f879e719700          Options.compression: Snappy
2021/06/27-09:38:20.430510 7f879e719700                  Options.bottommost_compression: Disabled
2021/06/27-09:38:20.430511 7f879e719700       Options.prefix_extractor: nullptr
2021/06/27-09:38:20.430512 7f879e719700   Options.memtable_insert_with_hint_prefix_extractor: nullptr
2021/06/27-09:38:20.430513 7f879e719700             Options.num_levels: 7
2021/06/27-09:38:20.430514 7f879e719700        Options.min_write_buffer_number_to_merge: 1
2021/06/27-09:38:20.430515 7f879e719700     Options.max_write_buffer_number_to_maintain: 0
2021/06/27-09:38:20.430515 7f879e719700     Options.max_write_buffer_size_to_maintain: 134217728
2021/06/27-09:38:20.430516 7f879e719700            Options.bottommost_compression_opts.window_bits: -14
2021/06/27-09:38:20.430517 7f879e719700                  Options.bottommost_compression_opts.level: 32767
2021/06/27-09:38:20.430518 7f879e719700               Options.bottommost_compression_opts.strategy: 0
2021/06/27-09:38:20.430519 7f879e719700         Options.bottommost_compression_opts.max_dict_bytes: 0
2021/06/27-09:38:20.430520 7f879e719700         Options.bottommost_compression_opts.zstd_max_train_bytes: 0
2021/06/27-09:38:20.430521 7f879e719700         Options.bottommost_compression_opts.parallel_threads: 1
2021/06/27-09:38:20.430522 7f879e719700                  Options.bottommost_compression_opts.enabled: false
2021/06/27-09:38:20.430523 7f879e719700            Options.compression_opts.window_bits: -14
2021/06/27-09:38:20.430524 7f879e719700                  Options.compression_opts.level: 32767
2021/06/27-09:38:20.430525 7f879e719700               Options.compression_opts.strategy: 0
2021/06/27-09:38:20.430526 7f879e719700         Options.compression_opts.max_dict_bytes: 0
2021/06/27-09:38:20.430527 7f879e719700         Options.compression_opts.zstd_max_train_bytes: 0
2021/06/27-09:38:20.430528 7f879e719700         Options.compression_opts.parallel_threads: 1
2021/06/27-09:38:20.430529 7f879e719700                  Options.compression_opts.enabled: false
2021/06/27-09:38:20.430530 7f879e719700      Options.level0_file_num_compaction_trigger: 4
2021/06/27-09:38:20.430531 7f879e719700          Options.level0_slowdown_writes_trigger: 20
2021/06/27-09:38:20.430532 7f879e719700              Options.level0_stop_writes_trigger: 36
2021/06/27-09:38:20.430533 7f879e719700                   Options.target_file_size_base: 67108864
2021/06/27-09:38:20.430534 7f879e719700             Options.target_file_size_multiplier: 1
2021/06/27-09:38:20.430534 7f879e719700                Options.max_bytes_for_level_base: 268435456
2021/06/27-09:38:20.430535 7f879e719700 Options.level_compaction_dynamic_level_bytes: 0
2021/06/27-09:38:20.430536 7f879e719700          Options.max_bytes_for_level_multiplier: 10,000000
2021/06/27-09:38:20.430538 7f879e719700 Options.max_bytes_for_level_multiplier_addtl[0]: 1
2021/06/27-09:38:20.430539 7f879e719700 Options.max_bytes_for_level_multiplier_addtl[1]: 1
2021/06/27-09:38:20.430540 7f879e719700 Options.max_bytes_for_level_multiplier_addtl[2]: 1
2021/06/27-09:38:20.430541 7f879e719700 Options.max_bytes_for_level_multiplier_addtl[3]: 1
2021/06/27-09:38:20.430542 7f879e719700 Options.max_bytes_for_level_multiplier_addtl[4]: 1
2021/06/27-09:38:20.430543 7f879e719700 Options.max_bytes_for_level_multiplier_addtl[5]: 1
2021/06/27-09:38:20.430544 7f879e719700 Options.max_bytes_for_level_multiplier_addtl[6]: 1
2021/06/27-09:38:20.430549 7f879e719700       Options.max_sequential_skip_in_iterations: 8
2021/06/27-09:38:20.430550 7f879e719700                    Options.max_compaction_bytes: 1677721600
2021/06/27-09:38:20.430551 7f879e719700                        Options.arena_block_size: 8388608
2021/06/27-09:38:20.430552 7f879e719700   Options.soft_pending_compaction_bytes_limit: 68719476736
2021/06/27-09:38:20.430553 7f879e719700   Options.hard_pending_compaction_bytes_limit: 274877906944
2021/06/27-09:38:20.430554 7f879e719700       Options.rate_limit_delay_max_milliseconds: 100
2021/06/27-09:38:20.430555 7f879e719700                Options.disable_auto_compactions: 1
2021/06/27-09:38:20.430556 7f879e719700                        Options.compaction_style: kCompactionStyleLevel
2021/06/27-09:38:20.430558 7f879e719700                          Options.compaction_pri: kMinOverlappingRatio
2021/06/27-09:38:20.430558 7f879e719700 Options.compaction_options_universal.size_ratio: 1
2021/06/27-09:38:20.430559 7f879e719700 Options.compaction_options_universal.min_merge_width: 2
2021/06/27-09:38:20.430560 7f879e719700 Options.compaction_options_universal.max_merge_width: 4294967295
2021/06/27-09:38:20.430561 7f879e719700 Options.compaction_options_universal.max_size_amplification_percent: 200
2021/06/27-09:38:20.430562 7f879e719700 Options.compaction_options_universal.compression_size_percent: -1
2021/06/27-09:38:20.430563 7f879e719700 Options.compaction_options_universal.stop_style: kCompactionStopStyleTotalSize
2021/06/27-09:38:20.430564 7f879e719700 Options.compaction_options_fifo.max_table_files_size: 1073741824
2021/06/27-09:38:20.430565 7f879e719700 Options.compaction_options_fifo.allow_compaction: 0
2021/06/27-09:38:20.430567 7f879e719700                   Options.table_properties_collectors: 
2021/06/27-09:38:20.430568 7f879e719700                   Options.inplace_update_support: 0
2021/06/27-09:38:20.430569 7f879e719700                 Options.inplace_update_num_locks: 10000
2021/06/27-09:38:20.430570 7f879e719700               Options.memtable_prefix_bloom_size_ratio: 0,000000
2021/06/27-09:38:20.430571 7f879e719700               Options.memtable_whole_key_filtering: 0
2021/06/27-09:38:20.430572 7f879e719700   Options.memtable_huge_page_size: 0
2021/06/27-09:38:20.430573 7f879e719700                           Options.bloom_locality: 0
2021/06/27-09:38:20.430574 7f879e719700                    Options.max_successive_merges: 0
2021/06/27-09:38:20.430575 7f879e719700                Options.optimize_filters_for_hits: 0
2021/06/27-09:38:20.430576 7f879e719700                Options.paranoid_file_checks: 0
2021/06/27-09:38:20.430577 7f879e719700                Options.force_consistency_checks: 1
2021/06/27-09:38:20.430578 7f879e719700                Options.report_bg_io_stats: 0
2021/06/27-09:38:20.430579 7f879e719700                               Options.ttl: 2592000
2021/06/27-09:38:20.430580 7f879e719700          Options.periodic_compaction_seconds: 0
2021/06/27-09:38:20.430581 7f879e719700                    Options.enable_blob_files: false
2021/06/27-09:38:20.430582 7f879e719700                        Options.min_blob_size: 0
2021/06/27-09:38:20.430583 7f879e719700                       Options.blob_file_size: 268435456
2021/06/27-09:38:20.430584 7f879e719700                Options.blob_compression_type: NoCompression
2021/06/27-09:38:20.430585 7f879e719700       Options.enable_blob_garbage_collection: false
2021/06/27-09:38:20.430586 7f879e719700   Options.blob_garbage_collection_age_cutoff: 0,250000
2021/06/27-09:38:20.430619 7f879e719700 [/column_family.cc:597] --------------- Options for column family []:
2021/06/27-09:38:20.430621 7f879e719700               Options.comparator: leveldb.BytewiseComparator
2021/06/27-09:38:20.430622 7f879e719700           Options.merge_operator: None
2021/06/27-09:38:20.430623 7f879e719700        Options.compaction_filter: None
2021/06/27-09:38:20.430624 7f879e719700        Options.compaction_filter_factory: None
2021/06/27-09:38:20.430631 7f879e719700  Options.sst_partitioner_factory: None
2021/06/27-09:38:20.430632 7f879e719700         Options.memtable_factory: SkipListFactory
2021/06/27-09:38:20.430633 7f879e719700            Options.table_factory: BlockBasedTable
2021/06/27-09:38:20.430651 7f879e719700            table_factory options:   flush_block_policy_factory: FlushBlockBySizePolicyFactory (0x7f87957e75e0)
  cache_index_and_filter_blocks: 0
  cache_index_and_filter_blocks_with_high_priority: 1
  pin_l0_filter_and_index_blocks_in_cache: 0
  pin_top_level_index_and_filter: 1
  index_type: 0
  data_block_index_type: 0
  index_shortening: 1
  data_block_hash_table_util_ratio: 0,750000
  hash_index_allow_collision: 1
  checksum: 1
  no_block_cache: 0
  block_cache: 0x7f87957e7620
  block_cache_name: LRUCache
  block_cache_options:
    capacity : 8388608
    num_shard_bits : 4
    strict_capacity_limit : 0
    memory_allocator : None
    high_pri_pool_ratio: 0,000
  block_cache_compressed: (nil)
  persistent_cache: (nil)
  block_size: 4096
  block_size_deviation: 10
  block_restart_interval: 16
  index_block_restart_interval: 1
  metadata_block_size: 4096
  partition_filters: 0
  use_delta_encoding: 1
  filter_policy: nullptr
  whole_key_filtering: 1
  verify_compression: 0
  read_amp_bytes_per_bit: 0
  format_version: 4
  enable_index_compression: 1
  block_align: 0
2021/06/27-09:38:20.430653 7f879e719700        Options.write_buffer_size: 67108864
2021/06/27-09:38:20.430654 7f879e719700  Options.max_write_buffer_number: 2
2021/06/27-09:38:20.430656 7f879e719700          Options.compression: Snappy
2021/06/27-09:38:20.430657 7f879e719700                  Options.bottommost_compression: Disabled
2021/06/27-09:38:20.430658 7f879e719700       Options.prefix_extractor: nullptr
2021/06/27-09:38:20.430659 7f879e719700   Options.memtable_insert_with_hint_prefix_extractor: nullptr
2021/06/27-09:38:20.430659 7f879e719700             Options.num_levels: 7
2021/06/27-09:38:20.430660 7f879e719700        Options.min_write_buffer_number_to_merge: 1
2021/06/27-09:38:20.430661 7f879e719700     Options.max_write_buffer_number_to_maintain: 0
2021/06/27-09:38:20.430662 7f879e719700     Options.max_write_buffer_size_to_maintain: 134217728
2021/06/27-09:38:20.430663 7f879e719700            Options.bottommost_compression_opts.window_bits: -14
2021/06/27-09:38:20.430664 7f879e719700                  Options.bottommost_compression_opts.level: 32767
2021/06/27-09:38:20.430665 7f879e719700               Options.bottommost_compression_opts.strategy: 0
2021/06/27-09:38:20.430666 7f879e719700         Options.bottommost_compression_opts.max_dict_bytes: 0
2021/06/27-09:38:20.430667 7f879e719700         Options.bottommost_compression_opts.zstd_max_train_bytes: 0
2021/06/27-09:38:20.430668 7f879e719700         Options.bottommost_compression_opts.parallel_threads: 1
2021/06/27-09:38:20.430669 7f879e719700                  Options.bottommost_compression_opts.enabled: false
